-34880	0
-34875	0
-34870	0
-34865	1.0425e-7
-34860	0
-34855	0
-34850	0
-34845	0
-34840	0
-34835	0
-34830	0
-34825	0
-34820	0
-34815	5.202e-8
-34810	0
-34805	1.0425e-7
-34800	0
-34795	0
-34790	0
-34785	0
-34780	0
-34775	5.202e-8
-34770	0
-34765	0
-34760	0
-34755	0
-34750	0
-34745	0
-34740	0
-34735	0
-34730	0
-34725	0
-34720	0
-34715	0
-34710	0
-34705	0
-34700	0
-34695	0
-34690	0
-34685	0
-34680	0
-34675	0
-34670	0
-34665	0
-34660	0
-34655	0
-34650	0
-34645	0
-34640	0
-34635	0
-34630	0
-34625	0
-34620	0
-34615	0
-34610	0
-34605	0
-34600	0
-34595	0
-34590	0
-34585	0
-34580	0
-34575	0
-34570	0
-34565	0
-34560	0
-34555	0
-34550	0
-34545	1.0425e-7
-34540	0
-34535	0
-34530	0
-34525	0
-34520	0
-34515	0
-34510	0
-34505	0
-34500	0
-34495	0
-34490	0
-34485	0
-34480	0
-34475	0
-34470	5.202e-8
-34465	0
-34460	0
-34455	0
-34450	0
-34445	0
-34440	0
-34435	0
-34430	0
-34425	0
-34420	0
-34415	0
-34410	0
-34405	0
-34400	1.0425e-7
-34395	0
-34390	0
-34385	0
-34380	0
-34375	0
-34370	0
-34365	5.202e-8
-34360	0
-34355	0
-34350	0
-34345	0
-34340	0
-34335	0
-34330	0
-34325	0
-34320	0
-34315	0
-34310	0
-34305	0
-34300	0
-34295	0
-34290	0
-34285	0
-34280	0
-34275	5.202e-8
-34270	0
-34265	0
-34260	0
-34255	0
-34250	0
-34245	0
-34240	0
-34235	0
-34230	0
-34225	0
-34220	0
-34215	0
-34210	5.202e-8
-34205	0
-34200	0
-34195	5.202e-8
-34190	0
-34185	0
-34180	5.202e-8
-34175	5.202e-8
-34170	0
-34165	0
-34160	0
-34155	0
-34150	0
-34145	0
-34140	0
-34135	0
-34130	0
-34125	5.202e-8
-34120	0
-34115	0
-34110	0
-34105	0
-34100	0
-34095	0
-34090	0
-34085	5.202e-8
-34080	0
-34075	0
-34070	0
-34065	0
-34060	0
-34055	0
-34050	0
-34045	0
-34040	0
-34035	0
-34030	0
-34025	0
-34020	0
-34015	0
-34010	0
-34005	0
-34000	0
-33995	0
-33990	0
-33985	5.202e-8
-33980	0
-33975	0
-33970	0
-33965	0
-33960	0
-33955	0
-33950	5.202e-8
-33945	0
-33940	5.202e-8
-33935	0
-33930	0
-33925	5.202e-8
-33920	0
-33915	0
-33910	0
-33905	0
-33900	0
-33895	0
-33890	0
-33885	0
-33880	0
-33875	0
-33870	0
-33865	0
-33860	0
-33855	5.202e-8
-33850	0
-33845	5.202e-8
-33840	0
-33835	0
-33830	0
-33825	5.202e-8
-33820	0
-33815	5.202e-8
-33810	0
-33805	0
-33800	0
-33795	0
-33790	0
-33785	0
-33780	0
-33775	0
-33770	0
-33765	0
-33760	0
-33755	0
-33750	0
-33745	0
-33740	0
-33735	0
-33730	5.202e-8
-33725	0
-33720	0
-33715	5.202e-8
-33710	0
-33705	0
-33700	0
-33695	0
-33690	0
-33685	0
-33680	0
-33675	0
-33670	0
-33665	0
-33660	0
-33655	0
-33650	0
-33645	0
-33640	0
-33635	1.0425e-7
-33630	0
-33625	0
-33620	0
-33615	0
-33610	0
-33605	5.202e-8
-33600	0
-33595	5.202e-8
-33590	0
-33585	0
-33580	0
-33575	0
-33570	0
-33565	5.202e-8
-33560	0
-33555	0
-33550	0
-33545	0
-33540	0
-33535	5.202e-8
-33530	5.202e-8
-33525	0
-33520	5.202e-8
-33515	0
-33510	5.202e-8
-33505	0
-33500	0
-33495	0
-33490	0
-33485	5.202e-8
-33480	5.202e-8
-33475	0
-33470	0
-33465	5.202e-8
-33460	0
-33455	5.202e-8
-33450	0
-33445	0
-33440	0
-33435	0
-33430	0
-33425	0
-33420	0
-33415	5.202e-8
-33410	5.202e-8
-33405	0
-33400	0
-33395	0
-33390	0
-33385	0
-33380	0
-33375	0
-33370	0
-33365	1.0425e-7
-33360	0
-33355	5.202e-8
-33350	0
-33345	0
-33340	0
-33335	0
-33330	0
-33325	5.202e-8
-33320	0
-33315	0
-33310	0
-33305	0
-33300	0
-33295	0
-33290	5.202e-8
-33285	0
-33280	0
-33275	5.202e-8
-33270	0
-33265	0
-33260	0
-33255	5.202e-8
-33250	0
-33245	0
-33240	0
-33235	5.202e-8
-33230	5.202e-8
-33225	0
-33220	5.202e-8
-33215	0
-33210	0
-33205	5.202e-8
-33200	5.202e-8
-33195	0
-33190	0
-33185	0
-33180	5.202e-8
-33175	0
-33170	0
-33165	5.202e-8
-33160	5.202e-8
-33155	0
-33150	5.202e-8
-33145	5.202e-8
-33140	0
-33135	5.202e-8
-33130	0
-33125	0
-33120	0
-33115	0
-33110	5.202e-8
-33105	0
-33100	0
-33095	5.202e-8
-33090	0
-33085	5.202e-8
-33080	5.202e-8
-33075	0
-33070	0
-33065	0
-33060	0
-33055	1.0425e-7
-33050	0
-33045	0
-33040	0
-33035	0
-33030	5.202e-8
-33025	0
-33020	5.202e-8
-33015	0
-33010	5.202e-8
-33005	0
-33000	0
-32995	0
-32990	0
-32985	0
-32980	5.202e-8
-32975	0
-32970	0
-32965	1.0425e-7
-32960	1.0425e-7
-32955	0
-32950	0
-32945	0
-32940	0
-32935	0
-32930	5.202e-8
-32925	0
-32920	0
-32915	5.202e-8
-32910	0
-32905	0
-32900	5.202e-8
-32895	5.202e-8
-32890	0
-32885	0
-32880	0
-32875	5.202e-8
-32870	0
-32865	0
-32860	5.202e-8
-32855	0
-32850	5.202e-8
-32845	0
-32840	5.202e-8
-32835	0
-32830	5.202e-8
-32825	0
-32820	5.202e-8
-32815	5.202e-8
-32810	5.202e-8
-32805	0
-32800	5.202e-8
-32795	0
-32790	0
-32785	5.202e-8
-32780	0
-32775	0
-32770	0
-32765	0
-32760	0
-32755	5.202e-8
-32750	5.202e-8
-32745	0
-32740	0
-32735	0
-32730	5.202e-8
-32725	0
-32720	0
-32715	0
-32710	0
-32705	5.202e-8
-32700	0
-32695	1.0425e-7
-32690	5.202e-8
-32685	0
-32680	0
-32675	0
-32670	5.202e-8
-32665	0
-32660	5.202e-8
-32655	5.202e-8
-32650	5.202e-8
-32645	0
-32640	0
-32635	5.202e-8
-32630	0
-32625	0
-32620	0
-32615	0
-32610	5.202e-8
-32605	0
-32600	0
-32595	0
-32590	0
-32585	0
-32580	5.202e-8
-32575	0
-32570	5.202e-8
-32565	0
-32560	0
-32555	5.202e-8
-32550	0
-32545	0
-32540	0
-32535	0
-32530	0
-32525	0
-32520	1.0425e-7
-32515	0
-32510	0
-32505	5.202e-8
-32500	0
-32495	5.202e-8
-32490	0
-32485	0
-32480	0
-32475	5.202e-8
-32470	0
-32465	0
-32460	1.0425e-7
-32455	0
-32450	0
-32445	5.202e-8
-32440	0
-32435	5.202e-8
-32430	0
-32425	0
-32420	1.0425e-7
-32415	5.202e-8
-32410	0
-32405	0
-32400	1.0425e-7
-32395	0
-32390	5.202e-8
-32385	0
-32380	1.5627e-7
-32375	1.5627e-7
-32370	1.0425e-7
-32365	1.0425e-7
-32360	5.202e-8
-32355	0
-32350	0
-32345	0
-32340	5.202e-8
-32335	0
-32330	0
-32325	0
-32320	5.202e-8
-32315	5.202e-8
-32310	5.202e-8
-32305	1.0425e-7
-32300	0
-32295	0
-32290	0
-32285	0
-32280	1.5627e-7
-32275	0
-32270	0
-32265	0
-32260	0
-32255	0
-32250	0
-32245	0
-32240	0
-32235	1.0425e-7
-32230	5.202e-8
-32225	0
-32220	0
-32215	0
-32210	5.202e-8
-32205	0
-32200	5.202e-8
-32195	5.202e-8
-32190	0
-32185	0
-32180	0
-32175	5.202e-8
-32170	5.202e-8
-32165	0
-32160	0
-32155	5.202e-8
-32150	5.202e-8
-32145	5.202e-8
-32140	0
-32135	5.202e-8
-32130	0
-32125	0
-32120	5.202e-8
-32115	5.202e-8
-32110	1.0425e-7
-32105	1.0425e-7
-32100	5.202e-8
-32095	1.0425e-7
-32090	5.202e-8
-32085	0
-32080	1.0425e-7
-32075	0
-32070	0
-32065	0
-32060	1.0425e-7
-32055	5.202e-8
-32050	5.202e-8
-32045	0
-32040	0
-32035	5.202e-8
-32030	5.202e-8
-32025	1.5627e-7
-32020	5.202e-8
-32015	0
-32010	5.202e-8
-32005	1.0425e-7
-32000	5.202e-8
-31995	5.202e-8
-31990	5.202e-8
-31985	5.202e-8
-31980	0
-31975	5.202e-8
-31970	5.202e-8
-31965	0
-31960	5.202e-8
-31955	0
-31950	1.5627e-7
-31945	0
-31940	5.202e-8
-31935	0
-31930	0
-31925	5.202e-8
-31920	5.202e-8
-31915	0
-31910	0
-31905	5.202e-8
-31900	0
-31895	5.202e-8
-31890	5.202e-8
-31885	0
-31880	0
-31875	5.202e-8
-31870	5.202e-8
-31865	2.0828e-7
-31860	5.202e-8
-31855	0
-31850	0
-31845	0
-31840	1.0425e-7
-31835	0
-31830	0
-31825	5.202e-8
-31820	2.0828e-7
-31815	1.5627e-7
-31810	0
-31805	5.202e-8
-31800	5.202e-8
-31795	1.5627e-7
-31790	0
-31785	1.0425e-7
-31780	5.202e-8
-31775	0
-31770	1.5627e-7
-31765	2.0828e-7
-31760	1.5627e-7
-31755	0
-31750	5.202e-8
-31745	1.0425e-7
-31740	5.202e-8
-31735	1.0425e-7
-31730	0
-31725	5.202e-8
-31720	5.202e-8
-31715	5.202e-8
-31710	0
-31705	0
-31700	0
-31695	1.0425e-7
-31690	0
-31685	1.0425e-7
-31680	0
-31675	0
-31670	1.0425e-7
-31665	5.202e-8
-31660	3.1253e-7
-31655	5.202e-8
-31650	5.202e-8
-31645	5.202e-8
-31640	1.5627e-7
-31635	0
-31630	0
-31625	0
-31620	5.202e-8
-31615	1.0425e-7
-31610	1.0425e-7
-31605	5.202e-8
-31600	0
-31595	0
-31590	1.0425e-7
-31585	5.202e-8
-31580	5.202e-8
-31575	0
-31570	1.0425e-7
-31565	1.0425e-7
-31560	5.202e-8
-31555	0
-31550	0
-31545	5.202e-8
-31540	5.202e-8
-31535	5.202e-8
-31530	0
-31525	5.202e-8
-31520	5.202e-8
-31515	2.0828e-7
-31510	5.202e-8
-31505	2.0828e-7
-31500	5.202e-8
-31495	5.202e-8
-31490	1.0425e-7
-31485	1.0425e-7
-31480	5.202e-8
-31475	1.5627e-7
-31470	5.202e-8
-31465	0
-31460	0
-31455	2.0828e-7
-31450	1.0425e-7
-31445	0
-31440	5.202e-8
-31435	1.5627e-7
-31430	1.0425e-7
-31425	1.0425e-7
-31420	5.202e-8
-31415	5.202e-8
-31410	0
-31405	1.5627e-7
-31400	2.0828e-7
-31395	1.0425e-7
-31390	5.202e-8
-31385	0
-31380	5.202e-8
-31375	1.5627e-7
-31370	1.0425e-7
-31365	1.0425e-7
-31360	5.202e-8
-31355	1.0425e-7
-31350	5.202e-8
-31345	2.6051e-7
-31340	5.202e-8
-31335	1.5627e-7
-31330	0
-31325	5.202e-8
-31320	5.202e-8
-31315	1.0425e-7
-31310	1.0425e-7
-31305	1.0425e-7
-31300	1.0425e-7
-31295	1.0425e-7
-31290	5.202e-8
-31285	0
-31280	1.0425e-7
-31275	5.202e-8
-31270	0
-31265	0
-31260	1.5627e-7
-31255	0
-31250	0
-31245	1.0425e-7
-31240	2.0828e-7
-31235	0
-31230	1.5627e-7
-31225	0
-31220	2.0828e-7
-31215	5.202e-8
-31210	5.202e-8
-31205	1.0425e-7
-31200	5.202e-8
-31195	1.0425e-7
-31190	5.202e-8
-31185	1.5627e-7
-31180	5.202e-8
-31175	1.5627e-7
-31170	1.5627e-7
-31165	0
-31160	0
-31155	5.202e-8
-31150	0
-31145	2.6051e-7
-31140	1.0425e-7
-31135	0
-31130	1.0425e-7
-31125	0
-31120	1.0425e-7
-31115	2.0828e-7
-31110	2.6051e-7
-31105	1.0425e-7
-31100	0
-31095	0
-31090	1.0425e-7
-31085	1.5627e-7
-31080	1.0425e-7
-31075	5.202e-8
-31070	1.0425e-7
-31065	5.202e-8
-31060	5.202e-8
-31055	2.0828e-7
-31050	1.5627e-7
-31045	1.0425e-7
-31040	2.0828e-7
-31035	2.0828e-7
-31030	5.202e-8
-31025	0
-31020	2.0828e-7
-31015	1.5627e-7
-31010	0
-31005	5.202e-8
-31000	1.0425e-7
-30995	1.5627e-7
-30990	5.202e-8
-30985	1.0425e-7
-30980	1.0425e-7
-30975	1.0425e-7
-30970	5.202e-8
-30965	0
-30960	1.5627e-7
-30955	1.0425e-7
-30950	1.5627e-7
-30945	2.0828e-7
-30940	1.0425e-7
-30935	5.202e-8
-30930	4.166e-7
-30925	5.202e-8
-30920	5.202e-8
-30915	5.202e-8
-30910	1.5627e-7
-30905	1.0425e-7
-30900	1.0425e-7
-30895	1.0425e-7
-30890	1.5627e-7
-30885	5.202e-8
-30880	1.5627e-7
-30875	1.0425e-7
-30870	2.0828e-7
-30865	5.202e-8
-30860	1.0425e-7
-30855	5.202e-8
-30850	5.202e-8
-30845	1.0425e-7
-30840	1.5627e-7
-30835	0
-30830	5.202e-8
-30825	1.0425e-7
-30820	0
-30815	1.5627e-7
-30810	1.0425e-7
-30805	0
-30800	1.0425e-7
-30795	1.0425e-7
-30790	5.202e-8
-30785	3.645e-7
-30780	5.202e-8
-30775	1.5627e-7
-30770	5.202e-8
-30765	0
-30760	1.0425e-7
-30755	2.6051e-7
-30750	3.645e-7
-30745	2.0828e-7
-30740	2.0828e-7
-30735	5.202e-8
-30730	5.202e-8
-30725	1.0425e-7
-30720	1.5627e-7
-30715	4.166e-7
-30710	1.5627e-7
-30705	0
-30700	1.5627e-7
-30695	1.5627e-7
-30690	1.0425e-7
-30685	1.5627e-7
-30680	1.0425e-7
-30675	2.0828e-7
-30670	1.0425e-7
-30665	1.0425e-7
-30660	0
-30655	1.0425e-7
-30650	1.5627e-7
-30645	5.202e-8
-30640	1.5627e-7
-30635	1.5627e-7
-30630	1.5627e-7
-30625	1.5627e-7
-30620	0
-30615	1.5627e-7
-30610	1.0425e-7
-30605	5.202e-8
-30600	1.5627e-7
-30595	3.1253e-7
-30590	1.0425e-7
-30585	1.0425e-7
-30580	2.0828e-7
-30575	5.202e-8
-30570	2.0828e-7
-30565	5.202e-8
-30560	1.0425e-7
-30555	2.0828e-7
-30550	5.202e-8
-30545	1.5627e-7
-30540	2.6051e-7
-30535	5.202e-8
-30530	2.0828e-7
-30525	1.0425e-7
-30520	2.6051e-7
-30515	1.5627e-7
-30510	1.5627e-7
-30505	5.202e-8
-30500	3.1253e-7
-30495	1.0425e-7
-30490	3.1253e-7
-30485	1.5627e-7
-30480	3.1253e-7
-30475	1.0425e-7
-30470	5.202e-8
-30465	1.0425e-7
-30460	1.5627e-7
-30455	1.0425e-7
-30450	5.202e-8
-30445	1.5627e-7
-30440	2.6051e-7
-30435	1.0425e-7
-30430	2.6051e-7
-30425	2.0828e-7
-30420	2.0828e-7
-30415	3.1253e-7
-30410	1.5627e-7
-30405	1.5627e-7
-30400	2.6051e-7
-30395	2.6051e-7
-30390	2.6051e-7
-30385	3.645e-7
-30380	2.0828e-7
-30375	1.5627e-7
-30370	1.0425e-7
-30365	2.6051e-7
-30360	1.0425e-7
-30355	0
-30350	1.5627e-7
-30345	3.1253e-7
-30340	2.6051e-7
-30335	1.0425e-7
-30330	3.645e-7
-30325	1.0425e-7
-30320	2.6051e-7
-30315	1.5627e-7
-30310	2.6051e-7
-30305	2.0828e-7
-30300	1.5627e-7
-30295	1.5627e-7
-30290	2.6051e-7
-30285	4.166e-7
-30280	4.688e-7
-30275	3.645e-7
-30270	2.6051e-7
-30265	2.6051e-7
-30260	2.0828e-7
-30255	5.202e-8
-30250	2.6051e-7
-30245	2.0828e-7
-30240	2.6051e-7
-30235	5.208e-7
-30230	1.5627e-7
-30225	3.1253e-7
-30220	2.6051e-7
-30215	3.645e-7
-30210	1.0425e-7
-30205	3.645e-7
-30200	3.1253e-7
-30195	3.645e-7
-30190	2.0828e-7
-30185	5.202e-8
-30180	1.5627e-7
-30175	1.0425e-7
-30170	2.6051e-7
-30165	1.5627e-7
-30160	2.6051e-7
-30155	1.5627e-7
-30150	3.1253e-7
-30145	3.1253e-7
-30140	4.166e-7
-30135	3.1253e-7
-30130	5.202e-8
-30125	3.645e-7
-30120	5.202e-8
-30115	3.1253e-7
-30110	1.0425e-7
-30105	1.5627e-7
-30100	2.0828e-7
-30095	2.6051e-7
-30090	1.0425e-7
-30085	3.1253e-7
-30080	3.645e-7
-30075	2.6051e-7
-30070	1.0425e-7
-30065	3.1253e-7
-30060	1.0425e-7
-30055	3.645e-7
-30050	5.202e-8
-30045	5.728e-7
-30040	2.0828e-7
-30035	2.6051e-7
-30030	4.688e-7
-30025	4.166e-7
-30020	2.6051e-7
-30015	2.0828e-7
-30010	3.645e-7
-30005	2.6051e-7
-30000	2.6051e-7
-29995	1.5627e-7
-29990	5.202e-8
-29985	2.0828e-7
-29980	1.5627e-7
-29975	3.645e-7
-29970	5.208e-7
-29965	4.166e-7
-29960	1.5627e-7
-29955	2.6051e-7
-29950	2.0828e-7
-29945	3.1253e-7
-29940	2.6051e-7
-29935	2.0828e-7
-29930	3.645e-7
-29925	3.645e-7
-29920	4.688e-7
-29915	2.0828e-7
-29910	5.728e-7
-29905	5.728e-7
-29900	3.645e-7
-29895	4.166e-7
-29890	2.6051e-7
-29885	4.166e-7
-29880	4.166e-7
-29875	3.1253e-7
-29870	3.645e-7
-29865	3.1253e-7
-29860	2.6051e-7
-29855	2.0828e-7
-29850	3.645e-7
-29845	5.208e-7
-29840	3.645e-7
-29835	3.645e-7
-29830	1.5627e-7
-29825	6.771e-7
-29820	3.645e-7
-29815	1.0425e-7
-29810	5.208e-7
-29805	2.0828e-7
-29800	4.166e-7
-29795	2.6051e-7
-29790	2.6051e-7
-29785	4.166e-7
-29780	3.1253e-7
-29775	4.688e-7
-29770	1.0425e-7
-29765	4.166e-7
-29760	4.166e-7
-29755	4.166e-7
-29750	2.6051e-7
-29745	1.0425e-7
-29740	4.688e-7
-29735	2.6051e-7
-29730	2.0828e-7
-29725	5.728e-7
-29720	1.5627e-7
-29715	4.688e-7
-29710	3.645e-7
-29705	3.645e-7
-29700	5.208e-7
-29695	2.0828e-7
-29690	4.688e-7
-29685	3.1253e-7
-29680	5.728e-7
-29675	5.208e-7
-29670	3.1253e-7
-29665	1.0425e-7
-29660	1.0425e-7
-29655	4.166e-7
-29650	3.645e-7
-29645	3.1253e-7
-29640	3.645e-7
-29635	4.166e-7
-29630	4.166e-7
-29625	3.1253e-7
-29620	3.645e-7
-29615	3.1253e-7
-29610	4.166e-7
-29605	5.208e-7
-29600	4.166e-7
-29595	3.645e-7
-29590	2.6051e-7
-29585	5.208e-7
-29580	5.728e-7
-29575	3.1253e-7
-29570	5.208e-7
-29565	3.1253e-7
-29560	3.1253e-7
-29555	3.1253e-7
-29550	3.1253e-7
-29545	2.6051e-7
-29540	6.771e-7
-29535	4.166e-7
-29530	2.0828e-7
-29525	3.645e-7
-29520	2.0828e-7
-29515	2.6051e-7
-29510	2.6051e-7
-29505	4.688e-7
-29500	3.1253e-7
-29495	2.0828e-7
-29490	3.645e-7
-29485	5.208e-7
-29480	5.208e-7
-29475	6.251e-7
-29470	5.208e-7
-29465	7.291e-7
-29460	2.6051e-7
-29455	5.208e-7
-29450	6.251e-7
-29445	6.251e-7
-29440	4.166e-7
-29435	6.771e-7
-29430	5.208e-7
-29425	2.6051e-7
-29420	4.166e-7
-29415	3.645e-7
-29410	7.291e-7
-29405	8.333e-7
-29400	6.771e-7
-29395	4.166e-7
-29390	3.1253e-7
-29385	3.645e-7
-29380	2.0828e-7
-29375	3.1253e-7
-29370	4.166e-7
-29365	4.688e-7
-29360	7.291e-7
-29355	3.1253e-7
-29350	1.5627e-7
-29345	5.728e-7
-29340	4.688e-7
-29335	5.728e-7
-29330	1.5627e-7
-29325	3.645e-7
-29320	5.208e-7
-29315	6.251e-7
-29310	5.728e-7
-29305	4.688e-7
-29300	5.208e-7
-29295	4.688e-7
-29290	3.1253e-7
-29285	4.166e-7
-29280	3.1253e-7
-29275	2.0828e-7
-29270	3.645e-7
-29265	3.645e-7
-29260	3.645e-7
-29255	3.1253e-7
-29250	4.688e-7
-29245	3.1253e-7
-29240	6.251e-7
-29235	3.645e-7
-29230	5.728e-7
-29225	4.688e-7
-29220	4.688e-7
-29215	5.208e-7
-29210	5.728e-7
-29205	5.728e-7
-29200	5.208e-7
-29195	4.688e-7
-29190	5.208e-7
-29185	4.688e-7
-29180	3.645e-7
-29175	4.166e-7
-29170	2.6051e-7
-29165	5.208e-7
-29160	6.251e-7
-29155	5.208e-7
-29150	5.208e-7
-29145	7.813e-7
-29140	4.166e-7
-29135	4.166e-7
-29130	2.0828e-7
-29125	7.813e-7
-29120	5.728e-7
-29115	6.771e-7
-29110	5.208e-7
-29105	5.728e-7
-29100	4.166e-7
-29095	3.1253e-7
-29090	4.166e-7
-29085	4.688e-7
-29080	7.291e-7
-29075	7.291e-7
-29070	6.771e-7
-29065	4.688e-7
-29060	4.688e-7
-29055	7.813e-7
-29050	4.166e-7
-29045	6.771e-7
-29040	5.208e-7
-29035	4.166e-7
-29030	4.688e-7
-29025	3.645e-7
-29020	6.771e-7
-29015	4.166e-7
-29010	5.208e-7
-29005	4.688e-7
-29000	4.166e-7
-28995	6.251e-7
-28990	6.251e-7
-28985	2.0828e-7
-28980	3.1253e-7
-28975	5.208e-7
-28970	6.771e-7
-28965	5.208e-7
-28960	6.771e-7
-28955	5.728e-7
-28950	4.166e-7
-28945	5.208e-7
-28940	6.251e-7
-28935	5.728e-7
-28930	4.688e-7
-28925	5.728e-7
-28920	5.728e-7
-28915	5.208e-7
-28910	5.728e-7
-28905	5.728e-7
-28900	5.208e-7
-28895	5.208e-7
-28890	6.771e-7
-28885	6.251e-7
-28880	5.208e-7
-28875	5.208e-7
-28870	4.688e-7
-28865	7.813e-7
-28860	9.376e-7
-28855	6.251e-7
-28850	8.333e-7
-28845	8.333e-7
-28840	5.208e-7
-28835	4.166e-7
-28830	6.771e-7
-28825	4.688e-7
-28820	6.251e-7
-28815	5.208e-7
-28810	5.728e-7
-28805	7.291e-7
-28800	4.688e-7
-28795	4.688e-7
-28790	6.251e-7
-28785	7.813e-7
-28780	8.333e-7
-28775	6.771e-7
-28770	9.376e-7
-28765	5.208e-7
-28760	6.251e-7
-28755	7.291e-7
-28750	5.208e-7
-28745	5.728e-7
-28740	6.771e-7
-28735	0.0000010416
-28730	9.896e-7
-28725	7.813e-7
-28720	0.0000010416
-28715	9.376e-7
-28710	8.333e-7
-28705	7.813e-7
-28700	8.854e-7
-28695	8.854e-7
-28690	6.251e-7
-28685	7.813e-7
-28680	6.251e-7
-28675	9.376e-7
-28670	0.0000011459
-28665	6.771e-7
-28660	5.728e-7
-28655	6.771e-7
-28650	8.854e-7
-28645	7.291e-7
-28640	8.333e-7
-28635	9.376e-7
-28630	7.813e-7
-28625	4.688e-7
-28620	7.813e-7
-28615	6.771e-7
-28610	8.854e-7
-28605	7.291e-7
-28600	0.0000013021
-28595	0.0000011459
-28590	8.333e-7
-28585	4.688e-7
-28580	6.771e-7
-28575	8.333e-7
-28570	6.251e-7
-28565	8.854e-7
-28560	9.896e-7
-28555	7.291e-7
-28550	0.0000010936
-28545	7.291e-7
-28540	7.813e-7
-28535	5.208e-7
-28530	7.813e-7
-28525	7.291e-7
-28520	9.896e-7
-28515	0.0000011459
-28510	5.728e-7
-28505	8.333e-7
-28500	6.251e-7
-28495	7.291e-7
-28490	6.251e-7
-28485	5.728e-7
-28480	9.376e-7
-28475	9.376e-7
-28470	0.0000012499
-28465	6.771e-7
-28460	9.896e-7
-28455	8.333e-7
-28450	5.208e-7
-28445	6.251e-7
-28440	6.771e-7
-28435	7.813e-7
-28430	7.291e-7
-28425	5.728e-7
-28420	9.896e-7
-28415	5.728e-7
-28410	6.771e-7
-28405	8.333e-7
-28400	6.771e-7
-28395	9.896e-7
-28390	7.813e-7
-28385	7.291e-7
-28380	9.376e-7
-28375	8.333e-7
-28370	5.208e-7
-28365	7.813e-7
-28360	0.0000014062
-28355	8.333e-7
-28350	8.854e-7
-28345	0.0000010936
-28340	6.251e-7
-28335	7.813e-7
-28330	6.251e-7
-28325	9.896e-7
-28320	9.376e-7
-28315	9.376e-7
-28310	7.813e-7
-28305	6.771e-7
-28300	7.813e-7
-28295	6.251e-7
-28290	5.728e-7
-28285	7.813e-7
-28280	8.333e-7
-28275	8.333e-7
-28270	7.813e-7
-28265	9.896e-7
-28260	8.333e-7
-28255	0.0000014062
-28250	0.0000015624
-28245	0.0000010936
-28240	0.0000010936
-28235	0.0000010416
-28230	8.333e-7
-28225	9.896e-7
-28220	8.854e-7
-28215	7.291e-7
-28210	0.0000010416
-28205	6.771e-7
-28200	0.0000010416
-28195	0.0000013021
-28190	0.0000010416
-28185	0.0000013021
-28180	6.771e-7
-28175	0.0000011979
-28170	8.854e-7
-28165	7.291e-7
-28160	7.291e-7
-28155	8.333e-7
-28150	0.0000012499
-28145	9.376e-7
-28140	9.376e-7
-28135	0.0000011979
-28130	0.0000011979
-28125	9.896e-7
-28120	0.0000010936
-28115	0.0000010936
-28110	0.0000010936
-28105	0.0000013021
-28100	6.251e-7
-28095	0.0000011459
-28090	0.0000010936
-28085	0.0000016147
-28080	0.0000011979
-28075	0.0000012499
-28070	0.0000011979
-28065	0.0000012499
-28060	0.0000014062
-28055	0.0000015104
-28050	6.251e-7
-28045	0.0000012499
-28040	8.854e-7
-28035	9.896e-7
-28030	8.333e-7
-28025	9.376e-7
-28020	0.0000013021
-28015	0.000001875
-28010	0.0000016667
-28005	0.0000015624
-28000	0.0000012499
-27995	0.0000017187
-27990	0.0000015104
-27985	0.0000014584
-27980	0.0000012499
-27975	8.854e-7
-27970	0.0000013021
-27965	0.0000011979
-27960	0.0000016147
-27955	0.0000014584
-27950	0.0000011459
-27945	0.0000014062
-27940	0.0000012499
-27935	0.0000015624
-27930	0.0000010936
-27925	0.0000017709
-27920	9.376e-7
-27915	0.0000010416
-27910	7.813e-7
-27905	0.0000014584
-27900	0.0000010416
-27895	0.0000016147
-27890	0.0000010936
-27885	0.0000010416
-27880	8.854e-7
-27875	6.251e-7
-27870	0.0000014062
-27865	0.0000015104
-27860	0.0000019792
-27855	0.0000013021
-27850	0.0000010416
-27845	0.0000011979
-27840	0.0000011979
-27835	0.0000014062
-27830	0.0000011979
-27825	8.333e-7
-27820	0.0000017709
-27815	0.0000016667
-27810	0.0000010936
-27805	0.0000011979
-27800	0.0000014584
-27795	0.0000016147
-27790	0.0000013542
-27785	0.0000015104
-27780	9.896e-7
-27775	9.896e-7
-27770	0.0000016667
-27765	0.0000016147
-27760	0.0000013542
-27755	0.0000015624
-27750	0.0000012499
-27745	0.000001927
-27740	0.0000016147
-27735	0.0000013542
-27730	0.0000014062
-27725	0.0000013542
-27720	0.000001823
-27715	0.0000013542
-27710	0.0000014062
-27705	0.0000015624
-27700	0.0000015624
-27695	0.0000015104
-27690	0.0000011979
-27685	0.000001823
-27680	8.854e-7
-27675	0.0000016667
-27670	0.0000010416
-27665	7.291e-7
-27660	0.0000015624
-27655	0.0000019792
-27650	9.896e-7
-27645	0.0000015624
-27640	0.0000019792
-27635	0.0000015624
-27630	0.0000017187
-27625	0.0000021355
-27620	0.0000010936
-27615	0.000001927
-27610	0.0000011979
-27605	0.0000016147
-27600	0.0000019792
-27595	0.0000011459
-27590	9.376e-7
-27585	0.0000017709
-27580	0.0000014062
-27575	0.0000021355
-27570	0.0000011459
-27565	0.0000016147
-27560	0.0000020833
-27555	0.0000013021
-27550	0.000001875
-27545	0.0000020312
-27540	0.0000023438
-27535	0.0000017187
-27530	0.0000015104
-27525	0.0000015624
-27520	0.0000010416
-27515	0.0000015104
-27510	0.0000016147
-27505	0.0000016667
-27500	0.0000016667
-27495	0.000001927
-27490	0.0000012499
-27485	0.0000015624
-27480	0.0000011459
-27475	0.0000017187
-27470	0.0000017187
-27465	0.0000011979
-27460	0.000001927
-27455	0.0000016147
-27450	0.000001875
-27445	0.0000013542
-27440	0.000001823
-27435	0.0000020833
-27430	0.0000021875
-27425	0.0000019792
-27420	0.0000015104
-27415	0.0000017187
-27410	0.0000019792
-27405	0.0000022395
-27400	0.0000016667
-27395	0.0000016147
-27390	0.0000020312
-27385	0.000001823
-27380	0.000001823
-27375	0.000001927
-27370	0.0000017709
-27365	0.000001823
-27360	0.000001927
-27355	0.0000014584
-27350	0.0000020833
-27345	0.0000022918
-27340	0.0000016147
-27335	0.000001927
-27330	0.000001927
-27325	0.0000025521
-27320	0.0000020833
-27315	0.0000020312
-27310	0.000001823
-27305	0.0000027083
-27300	0.0000015624
-27295	0.000001875
-27290	0.000001875
-27285	0.0000022395
-27280	0.0000020833
-27275	0.0000021355
-27270	0.000001927
-27265	0.000001823
-27260	0.0000016147
-27255	0.0000020312
-27250	0.0000020833
-27245	0.0000027603
-27240	0.0000016147
-27235	0.0000017709
-27230	0.0000011459
-27225	0.0000023438
-27220	0.0000020312
-27215	0.0000023958
-27210	0.000001927
-27205	0.0000020833
-27200	0.0000021355
-27195	0.0000021875
-27190	0.0000025
-27185	0.000001823
-27180	0.0000015104
-27175	0.0000028126
-27170	0.000002448
-27165	0.0000025521
-27160	0.0000020833
-27155	0.000002448
-27150	0.0000021875
-27145	0.000001823
-27140	0.0000020833
-27135	0.000001927
-27130	0.000001875
-27125	0.0000020312
-27120	0.0000019792
-27115	0.0000019792
-27110	0.0000026041
-27105	0.0000021875
-27100	0.0000020312
-27095	0.0000014062
-27090	0.0000017187
-27085	0.0000013542
-27080	0.0000023958
-27075	0.0000026563
-27070	0.0000020833
-27065	0.0000020833
-27060	0.0000026563
-27055	0.000002448
-27050	0.0000020312
-27045	0.0000020833
-27040	0.0000022918
-27035	0.0000025521
-27030	0.000001927
-27025	0.0000025521
-27020	0.0000022395
-27015	0.000001823
-27010	0.0000026041
-27005	0.000003281
-27000	0.0000017187
-26995	0.0000023438
-26990	0.000001927
-26985	0.0000023958
-26980	0.0000020833
-26975	0.000002448
-26970	0.0000025
-26965	0.0000023958
-26960	0.0000025
-26955	0.0000029166
-26950	0.000003385
-26945	0.000001823
-26940	0.0000026041
-26935	0.0000023958
-26930	0.0000016667
-26925	0.0000030729
-26920	0.000001823
-26915	0.0000021875
-26910	0.0000027083
-26905	0.0000023958
-26900	0.0000028646
-26895	0.0000023438
-26890	0.0000022918
-26885	0.0000020833
-26880	0.0000020833
-26875	0.000002448
-26870	0.0000023438
-26865	0.0000028126
-26860	0.0000020312
-26855	0.0000022395
-26850	0.0000023958
-26845	0.0000029688
-26840	0.0000027603
-26835	0.000003229
-26830	0.0000023958
-26825	0.0000026563
-26820	0.0000022918
-26815	0.0000028646
-26810	0.0000023438
-26805	0.0000022395
-26800	0.0000029688
-26795	0.0000030209
-26790	0.0000025
-26785	0.000003281
-26780	0.0000028646
-26775	0.0000027603
-26770	0.000003333
-26765	0.0000026041
-26760	0.0000022918
-26755	0.0000027603
-26750	0.0000028646
-26745	0.000003229
-26740	0.0000020833
-26735	0.000002448
-26730	0.000003281
-26725	0.000003177
-26720	0.0000030209
-26715	0.0000030729
-26710	0.0000029166
-26705	0.000003542
-26700	0.0000026041
-26695	0.0000026563
-26690	0.0000025
-26685	0.000003333
-26680	0.000004167
-26675	0.000003646
-26670	0.0000030729
-26665	0.0000029688
-26660	0.0000026563
-26655	0.000003333
-26650	0.0000029688
-26645	0.000003177
-26640	0.0000027083
-26635	0.0000027083
-26630	0.0000028646
-26625	0.0000028126
-26620	0.0000027603
-26615	0.000003542
-26610	0.000003646
-26605	0.0000026563
-26600	0.000003594
-26595	0.0000029688
-26590	0.000003177
-26585	0.000003594
-26580	0.000003437
-26575	0.0000029688
-26570	0.0000030209
-26565	0.0000027603
-26560	0.0000027083
-26555	0.0000023958
-26550	0.0000028646
-26545	0.0000028646
-26540	0.0000026563
-26535	0.000003646
-26530	0.000003385
-26525	0.0000025
-26520	0.000003229
-26515	0.000003698
-26510	0.000003698
-26505	0.0000030729
-26500	0.000003177
-26495	0.000003229
-26490	0.000003229
-26485	0.0000030209
-26480	0.0000030729
-26475	0.000003854
-26470	0.000003542
-26465	0.00000375
-26460	0.000003594
-26455	0.0000027603
-26450	0.000003281
-26445	0.0000026041
-26440	0.000003333
-26435	0.000003594
-26430	0.0000029166
-26425	0.0000029166
-26420	0.0000025521
-26415	0.0000029166
-26410	0.0000026041
-26405	0.000004167
-26400	0.000003698
-26395	0.0000030729
-26390	0.000004062
-26385	0.0000029688
-26380	0.000004167
-26375	0.000003594
-26370	0.000003281
-26365	0.000003646
-26360	0.0000029688
-26355	0.0000020833
-26350	0.0000030729
-26345	0.000004115
-26340	0.000003906
-26335	0.000004167
-26330	0.000003646
-26325	0.000004062
-26320	0.000004219
-26315	0.000004375
-26310	0.000003958
-26305	0.000003698
-26300	0.0000026563
-26295	0.000003958
-26290	0.000004115
-26285	0.000003542
-26280	0.000003542
-26275	0.000004479
-26270	0.000003333
-26265	0.000004115
-26260	0.000003698
-26255	0.0000028646
-26250	0.000004115
-26245	0.000003542
-26240	0.000003802
-26235	0.000003802
-26230	0.000003229
-26225	0.000003698
-26220	0.000003802
-26215	0.000003542
-26210	0.000003594
-26205	0.000005052
-26200	0.000005104
-26195	0.000003437
-26190	0.000004479
-26185	0.000003542
-26180	0.00000401
-26175	0.000003802
-26170	0.000003594
-26165	0.000003906
-26160	0.000003437
-26155	0.000003958
-26150	0.00000349
-26145	0.000004115
-26140	0.000003802
-26135	0.000004115
-26130	0.000004531
-26125	0.000004115
-26120	0.000004115
-26115	0.000003646
-26110	0.000004688
-26105	0.00000401
-26100	0.000004271
-26095	0.000004896
-26090	0.000004167
-26085	0.000004427
-26080	0.000004219
-26075	0.000004115
-26070	0.000003646
-26065	0.000003437
-26060	0.000004323
-26055	0.000004323
-26050	0.000003594
-26045	0.000004583
-26040	0.000005052
-26035	0.000003906
-26030	0.000003698
-26025	0.000005
-26020	0.000004167
-26015	0.00000401
-26010	0.000004271
-26005	0.000004948
-26000	0.00000401
-25995	0.000004271
-25990	0.000004167
-25985	0.000004583
-25980	0.000004062
-25975	0.000004115
-25970	0.000004896
-25965	0.000004583
-25960	0.000003906
-25955	0.000004896
-25950	0.00000401
-25945	0.000004531
-25940	0.000004479
-25935	0.000004531
-25930	0.000005104
-25925	0.000004636
-25920	0.000004167
-25915	0.000004323
-25910	0.000005573
-25905	0.000005156
-25900	0.000004792
-25895	0.000005104
-25890	0.000004271
-25885	0.000004688
-25880	0.000005833
-25875	0.000005885
-25870	0.000004636
-25865	0.000004219
-25860	0.000005833
-25855	0.000004531
-25850	0.000004427
-25845	0.000004688
-25840	0.000004948
-25835	0.000004792
-25830	0.000004896
-25825	0.00000526
-25820	0.000004062
-25815	0.000005677
-25810	0.000006302
-25805	0.000005417
-25800	0.000005156
-25795	0.00000474
-25790	0.000005313
-25785	0.000004948
-25780	0.00000526
-25775	0.00000474
-25770	0.000004792
-25765	0.000004427
-25760	0.000004688
-25755	0.000004479
-25750	0.000004062
-25745	0.000005781
-25740	0.00000474
-25735	0.00000526
-25730	0.00000526
-25725	0.000004688
-25720	0.000006198
-25715	0.000005937
-25710	0.000005156
-25705	0.000006354
-25700	0.000005625
-25695	0.000004323
-25690	0.00000474
-25685	0.000006146
-25680	0.000005521
-25675	0.000005937
-25670	0.000004688
-25665	0.000005677
-25660	0.000006406
-25655	0.000005052
-25650	0.000005937
-25645	0.000004636
-25640	0.000005937
-25635	0.000005781
-25630	0.00000474
-25625	0.000006354
-25620	0.000005469
-25615	0.000005469
-25610	0.000006094
-25605	0.000005885
-25600	0.000005052
-25595	0.000005417
-25590	0.000005625
-25585	0.000005573
-25580	0.000005313
-25575	0.000006042
-25570	0.000005469
-25565	0.000005781
-25560	0.000006094
-25555	0.000006511
-25550	0.000005729
-25545	0.000004636
-25540	0.000006771
-25535	0.000006615
-25530	0.000005937
-25525	0.000006458
-25520	0.00000625
-25515	0.000005156
-25510	0.000005417
-25505	0.000005885
-25500	0.000006042
-25495	0.000006146
-25490	0.000006042
-25485	0.000005156
-25480	0.000006042
-25475	0.000006042
-25470	0.00000599
-25465	0.000005313
-25460	0.000006406
-25455	0.000005885
-25450	0.00000724
-25445	0.000006146
-25440	0.000007031
-25435	0.000005313
-25430	0.000006302
-25425	0.000005417
-25420	0.000005885
-25415	0.000007604
-25410	0.000006875
-25405	0.000005521
-25400	0.000006875
-25395	0.000007031
-25390	0.000005625
-25385	0.000006979
-25380	0.000007552
-25375	0.000006302
-25370	0.000006198
-25365	0.000006198
-25360	0.000006667
-25355	0.000007031
-25350	0.000006823
-25345	0.000006511
-25340	0.000006094
-25335	0.000006146
-25330	0.000005781
-25325	0.000007188
-25320	0.000007708
-25315	0.000006354
-25310	0.000006146
-25305	0.000005521
-25300	0.000006771
-25295	0.000007448
-25290	0.000007396
-25285	0.000007135
-25280	0.000005781
-25275	0.000005677
-25270	0.000006563
-25265	0.00000875
-25260	0.00000724
-25255	0.0000075
-25250	0.000008333
-25245	0.000007656
-25240	0.000007292
-25235	0.000007917
-25230	0.000006927
-25225	0.000006302
-25220	0.000006667
-25215	0.00000625
-25210	0.000008281
-25205	0.000006615
-25200	0.000007344
-25195	0.000006823
-25190	0.000007344
-25185	0.000006979
-25180	0.000006979
-25175	0.000007448
-25170	0.00000599
-25165	0.000007031
-25160	0.000006823
-25155	0.000007448
-25150	0.000007917
-25145	0.00000776
-25140	0.000007292
-25135	0.000007865
-25130	0.000008021
-25125	0.0000075
-25120	0.000008281
-25115	0.000007656
-25110	0.000006771
-25105	0.000008073
-25100	0.000007292
-25095	0.000006719
-25090	0.000006979
-25085	0.00000724
-25080	0.000007656
-25075	0.000006719
-25070	0.000007552
-25065	0.000007708
-25060	0.000008906
-25055	0.000008542
-25050	0.000006823
-25045	0.00000776
-25040	0.000007604
-25035	0.000006771
-25030	0.000006302
-25025	0.000008125
-25020	0.000008229
-25015	0.000006198
-25010	0.000006667
-25005	0.00000849
-25000	0.000007604
-24995	0.000007552
-24990	0.000007865
-24985	0.000007344
-24980	0.000007656
-24975	0.00000776
-24970	0.000007969
-24965	0.00000901
-24960	0.000007656
-24955	0.000008698
-24950	0.000009063
-24945	0.000008854
-24940	0.000008281
-24935	0.00000776
-24930	0.000007708
-24925	0.000009792
-24920	0.000008906
-24915	0.000009479
-24910	0.000007708
-24905	0.000008854
-24900	0.00000875
-24895	0.00000901
-24890	0.00000875
-24885	0.000008438
-24880	0.000008854
-24875	0.000009427
-24870	0.00000901
-24865	0.000009219
-24860	0.000008958
-24855	0.000008958
-24850	0.000008073
-24845	0.000009635
-24840	0.000008594
-24835	0.000008958
-24830	0.000008229
-24825	0.000008906
-24820	0.00000875
-24815	0.000008958
-24810	0.000008438
-24805	0.000008125
-24800	0.000008802
-24795	0.000009271
-24790	0.000008229
-24785	0.000008698
-24780	0.000009479
-24775	0.000009375
-24770	0.000008594
-24765	0.000009635
-24760	0.000008125
-24755	0.000009948
-24750	0.00000901
-24745	0.000008958
-24740	0.000009219
-24735	0.000008594
-24730	0.00000974
-24725	0.000009115
-24720	0.00000849
-24715	0.00001125
-24710	0.000010104
-24705	0.000011094
-24700	0.000010312
-24695	0.000009635
-24690	0.000010312
-24685	0.00000974
-24680	0.000011146
-24675	0.000010469
-24670	0.000009375
-24665	0.000009479
-24660	0.000010521
-24655	0.000010365
-24650	0.000009323
-24645	0.000010156
-24640	0.000010833
-24635	0.000009323
-24630	0.000010417
-24625	0.000009687
-24620	0.000009479
-24615	0.000009948
-24610	0.000009115
-24605	0.000010886
-24600	0.000010573
-24595	0.000009375
-24590	0.000011615
-24585	0.000010781
-24580	0.000010677
-24575	0.000010469
-24570	0.000011146
-24565	0.000009583
-24560	0.000010417
-24555	0.000010886
-24550	0.000010417
-24545	0.000009792
-24540	0.000009583
-24535	0.000011458
-24530	0.000011719
-24525	0.000008281
-24520	0.000009844
-24515	0.000010365
-24510	0.000011354
-24505	0.000012292
-24500	0.000010625
-24495	0.000008906
-24490	0.000010312
-24485	0.000011406
-24480	0.000011771
-24475	0.000012135
-24470	0.000010625
-24465	0.000011198
-24460	0.000011042
-24455	0.000011563
-24450	0.000009479
-24445	0.00001125
-24440	0.000011146
-24435	0.000011198
-24430	0.000010938
-24425	0.000011615
-24420	0.000009063
-24415	0.00001224
-24410	0.000011406
-24405	0.000011146
-24400	0.000011458
-24395	0.000010417
-24390	0.0000125
-24385	0.000011823
-24380	0.000011302
-24375	0.000010938
-24370	0.000013073
-24365	0.0000125
-24360	0.000012135
-24355	0.000009844
-24350	0.000011406
-24345	0.000012083
-24340	0.000012187
-24335	0.00001151
-24330	0.000012031
-24325	0.0000125
-24320	0.000013958
-24315	0.000012604
-24310	0.000013021
-24305	0.00001099
-24300	0.000012031
-24295	0.000010625
-24290	0.000011146
-24285	0.000012656
-24280	0.000011563
-24275	0.000011979
-24270	0.000013177
-24265	0.00001099
-24260	0.000012552
-24255	0.000012917
-24250	0.000012292
-24245	0.00001375
-24240	0.000012656
-24235	0.000012813
-24230	0.000011042
-24225	0.000013177
-24220	0.000012396
-24215	0.000012448
-24210	0.000011823
-24205	0.000011667
-24200	0.000012917
-24195	0.000012865
-24190	0.000010938
-24185	0.00001125
-24180	0.000013854
-24175	0.0000125
-24170	0.000013385
-24165	0.000012656
-24160	0.0000125
-24155	0.000012083
-24150	0.000013438
-24145	0.000012448
-24140	0.000011198
-24135	0.000011927
-24130	0.00001349
-24125	0.000013385
-24120	0.000014688
-24115	0.000014583
-24110	0.000011302
-24105	0.00001474
-24100	0.000012708
-24095	0.000011615
-24090	0.000012708
-24085	0.000013229
-24080	0.000013594
-24075	0.000013854
-24070	0.000013281
-24065	0.000014635
-24060	0.000012865
-24055	0.000013177
-24050	0.000014062
-24045	0.000014531
-24040	0.000014219
-24035	0.000014844
-24030	0.000013854
-24025	0.000015469
-24020	0.000014427
-24015	0.00001401
-24010	0.000014219
-24005	0.000014323
-24000	0.000015885
-23995	0.000013646
-23990	0.000014688
-23985	0.000013594
-23980	0.000013125
-23975	0.000016146
-23970	0.000013646
-23965	0.000015938
-23960	0.000013229
-23955	0.000015
-23950	0.000014479
-23945	0.00001474
-23940	0.000013229
-23935	0.000015052
-23930	0.00001474
-23925	0.000015261
-23920	0.000015208
-23915	0.000014948
-23910	0.000014062
-23905	0.00001474
-23900	0.000016615
-23895	0.000016406
-23890	0.00001349
-23885	0.000015625
-23880	0.000016198
-23875	0.000014583
-23870	0.000014948
-23865	0.000017136
-23860	0.000014792
-23855	0.000014531
-23850	0.000017604
-23845	0.000014479
-23840	0.000015573
-23835	0.000015729
-23830	0.000016562
-23825	0.00001724
-23820	0.000016667
-23815	0.000015625
-23810	0.000015
-23805	0.000015677
-23800	0.000017448
-23795	0.000015208
-23790	0.000017969
-23785	0.000014375
-23780	0.000015885
-23775	0.000015938
-23770	0.000015417
-23765	0.000016354
-23760	0.000017083
-23755	0.000015677
-23750	0.000016562
-23745	0.000016979
-23740	0.000015729
-23735	0.000016354
-23730	0.000015573
-23725	0.000015365
-23720	0.000017292
-23715	0.000015156
-23710	0.000016823
-23705	0.00001849
-23700	0.000017136
-23695	0.000016875
-23690	0.000016771
-23685	0.000017083
-23680	0.000019115
-23675	0.00001599
-23670	0.000016354
-23665	0.000015625
-23660	0.000016719
-23655	0.000016042
-23650	0.000017448
-23645	0.000017031
-23640	0.000016979
-23635	0.000019271
-23630	0.000018021
-23625	0.000016615
-23620	0.000019375
-23615	0.000016719
-23610	0.000017292
-23605	0.0000175
-23600	0.00001776
-23595	0.000018698
-23590	0.000017136
-23585	0.000018125
-23580	0.000016042
-23575	0.000017188
-23570	0.000017865
-23565	0.000016458
-23560	0.000019479
-23555	0.000016927
-23550	0.000018437
-23545	0.000018437
-23540	0.000018281
-23535	0.000019688
-23530	0.000018333
-23525	0.0000175
-23520	0.000019375
-23515	0.000021146
-23510	0.000018281
-23505	0.000017656
-23500	0.000016823
-23495	0.000020104
-23490	0.000019635
-23485	0.000019063
-23480	0.000019323
-23475	0.000018073
-23470	0.000020885
-23465	0.000020156
-23460	0.000018854
-23455	0.000020938
-23450	0.00001849
-23445	0.000019063
-23440	0.000018594
-23435	0.000020417
-23430	0.000018698
-23425	0.000018125
-23420	0.00001974
-23415	0.000021198
-23410	0.000018906
-23405	0.00001875
-23400	0.000021042
-23395	0.000020729
-23390	0.00002125
-23385	0.000019896
-23380	0.000020208
-23375	0.000019479
-23370	0.00001974
-23365	0.000021406
-23360	0.000019063
-23355	0.000019375
-23350	0.000019896
-23345	0.000021302
-23340	0.000019792
-23335	0.000018906
-23330	0.000021458
-23325	0.000020469
-23320	0.00002
-23315	0.000020625
-23310	0.000017448
-23305	0.00002099
-23300	0.000020521
-23295	0.000020156
-23290	0.000022188
-23285	0.000021302
-23280	0.000021771
-23275	0.000022188
-23270	0.000020885
-23265	0.0000225
-23260	0.000021406
-23255	0.000021563
-23250	0.000022344
-23245	0.000020365
-23240	0.000019635
-23235	0.00002125
-23230	0.000024792
-23225	0.000022865
-23220	0.000023021
-23215	0.000019479
-23210	0.000023177
-23205	0.000020938
-23200	0.000021094
-23195	0.0000225
-23190	0.000021771
-23185	0.000019948
-23180	0.000022031
-23175	0.000022604
-23170	0.000021563
-23165	0.00002276
-23160	0.000020885
-23155	0.000021511
-23150	0.000024427
-23145	0.000024323
-23140	0.000023386
-23135	0.000023646
-23130	0.000025313
-23125	0.000022812
-23120	0.000021354
-23115	0.000022552
-23110	0.000022708
-23105	0.000024115
-23100	0.00002224
-23095	0.000025417
-23090	0.000023646
-23085	0.000023386
-23080	0.000023021
-23075	0.000023854
-23070	0.000024844
-23065	0.000025104
-23060	0.000022708
-23055	0.000026719
-23050	0.0000275
-23045	0.000024844
-23040	0.000025313
-23035	0.00002276
-23030	0.000021927
-23025	0.000024219
-23020	0.000027187
-23015	0.000023906
-23010	0.000024479
-23005	0.000023021
-23000	0.000023229
-22995	0.000024063
-22990	0.000023229
-22985	0.000025
-22980	0.000025521
-22975	0.000026042
-22970	0.000023125
-22965	0.000023802
-22960	0.000025
-22955	0.000022552
-22950	0.000029115
-22945	0.000024792
-22940	0.000025365
-22935	0.000026354
-22930	0.000025104
-22925	0.00002724
-22920	0.000025261
-22915	0.000025833
-22910	0.000026667
-22905	0.000024687
-22900	0.000024948
-22895	0.000027656
-22890	0.000025625
-22885	0.000024635
-22880	0.000026302
-22875	0.000026771
-22870	0.000026094
-22865	0.000024583
-22860	0.000027708
-22855	0.000024271
-22850	0.000024844
-22845	0.000024583
-22840	0.000028021
-22835	0.000024115
-22830	0.000023906
-22825	0.000028125
-22820	0.000026771
-22815	0.000026042
-22810	0.000027708
-22805	0.000026615
-22800	0.000023958
-22795	0.000027344
-22790	0.000026354
-22785	0.000025313
-22780	0.000025365
-22775	0.000028333
-22770	0.000029271
-22765	0.000027031
-22760	0.000026458
-22755	0.000029427
-22750	0.000027396
-22745	0.000027813
-22740	0.000025521
-22735	0.000026354
-22730	0.000027761
-22725	0.000029323
-22720	0.000029375
-22715	0.000027761
-22710	0.000026979
-22705	0.000028177
-22700	0.000031198
-22695	0.000030156
-22690	0.000027761
-22685	0.000028438
-22680	0.00002901
-22675	0.000028073
-22670	0.000028125
-22665	0.000028125
-22660	0.000028542
-22655	0.000029688
-22650	0.000027187
-22645	0.000028958
-22640	0.000028073
-22635	0.000029062
-22630	0.000029636
-22625	0.00003208
-22620	0.00003177
-22615	0.000030313
-22610	0.000028958
-22605	0.000029115
-22600	0.000030156
-22595	0.000030625
-22590	0.000029948
-22585	0.00003313
-22580	0.00003208
-22575	0.000030469
-22570	0.00003266
-22565	0.000031042
-22560	0.0000338
-22555	0.00003172
-22550	0.000029948
-22545	0.000030729
-22540	0.00003188
-22535	0.000030313
-22530	0.00003099
-22525	0.000030156
-22520	0.00003266
-22515	0.000027813
-22510	0.00003214
-22505	0.00003177
-22500	0.000030729
-22495	0.000031354
-22490	0.00003276
-22485	0.00003453
-22480	0.000030208
-22475	0.00003234
-22470	0.000031094
-22465	0.00003417
-22460	0.00003307
-22455	0.00003286
-22450	0.000031406
-22445	0.000031146
-22440	0.00003198
-22435	0.00003448
-22430	0.00003484
-22425	0.00003292
-22420	0.00003245
-22415	0.000030885
-22410	0.00003177
-22405	0.000030677
-22400	0.00003479
-22395	0.00003521
-22390	0.00003333
-22385	0.00003479
-22380	0.00003589
-22375	0.00003557
-22370	0.00003505
-22365	0.000031198
-22360	0.00003177
-22355	0.00003307
-22350	0.00003464
-22345	0.00003214
-22340	0.00003339
-22335	0.00003271
-22330	0.00003219
-22325	0.00003172
-22320	0.00003615
-22315	0.00003552
-22310	0.00003458
-22305	0.00003688
-22300	0.00003708
-22295	0.00003646
-22290	0.00003542
-22285	0.00003693
-22280	0.00003307
-22275	0.00003547
-22270	0.00003359
-22265	0.00003286
-22260	0.00003297
-22255	0.00003453
-22250	0.00003641
-22245	0.00003641
-22240	0.00003411
-22235	0.00003396
-22230	0.00003292
-22225	0.00003599
-22220	0.00003807
-22215	0.00003474
-22210	0.00003615
-22205	0.00003573
-22200	0.00003453
-22195	0.00003552
-22190	0.00003594
-22185	0.00003724
-22180	0.00003615
-22175	0.00003547
-22170	0.00003557
-22165	0.00003953
-22160	0.00003531
-22155	0.00003578
-22150	0.0000374
-22145	0.00003589
-22140	0.00003823
-22135	0.00004031
-22130	0.00003526
-22125	0.0000363
-22120	0.00003943
-22115	0.00003786
-22110	0.00003927
-22105	0.00003906
-22100	0.00003865
-22095	0.00003823
-22090	0.00003948
-22085	0.00003646
-22080	0.00003849
-22075	0.00003771
-22070	0.00004026
-22065	0.00003875
-22060	0.00003818
-22055	0.00004115
-22050	0.00003969
-22045	0.00004047
-22040	0.00003797
-22035	0.00003854
-22030	0.00004063
-22025	0.00003724
-22020	0.00003922
-22015	0.00004313
-22010	0.00003958
-22005	0.00004094
-22000	0.00003974
-21995	0.00004115
-21990	0.00003958
-21985	0.00004307
-21980	0.00004026
-21975	0.00003703
-21970	0.00004021
-21965	0.00003917
-21960	0.00004026
-21955	0.00003818
-21950	0.00004219
-21945	0.00004094
-21940	0.00003901
-21935	0.00004151
-21930	0.00004432
-21925	0.00004125
-21920	0.00003964
-21915	0.00004406
-21910	0.00004083
-21905	0.00004021
-21900	0.00004198
-21895	0.0000437
-21890	0.00004125
-21885	0.00004448
-21880	0.0000425
-21875	0.00004297
-21870	0.00004531
-21865	0.00004375
-21860	0.00004068
-21855	0.00004349
-21850	0.00004333
-21845	0.00004568
-21840	0.0000476
-21835	0.00004385
-21830	0.00004443
-21825	0.00004359
-21820	0.00004552
-21815	0.00004552
-21810	0.00004333
-21805	0.00004339
-21800	0.00004833
-21795	0.00004458
-21790	0.00004354
-21785	0.00004651
-21780	0.00004458
-21775	0.00004313
-21770	0.00004724
-21765	0.00004438
-21760	0.00004401
-21755	0.00004458
-21750	0.00004604
-21745	0.00004729
-21740	0.00004693
-21735	0.00004745
-21730	0.00004786
-21725	0.00004349
-21720	0.00004818
-21715	0.00004932
-21710	0.00004505
-21705	0.0000463
-21700	0.00004547
-21695	0.00004818
-21690	0.0000462
-21685	0.00004594
-21680	0.00004901
-21675	0.00004958
-21670	0.00005203
-21665	0.00004776
-21660	0.00004901
-21655	0.00004557
-21650	0.00004922
-21645	0.00004792
-21640	0.00004401
-21635	0.00004734
-21630	0.00004755
-21625	0.00004396
-21620	0.0000501
-21615	0.00005068
-21610	0.00004734
-21605	0.00004953
-21600	0.00004995
-21595	0.0000526
-21590	0.00004661
-21585	0.00004755
-21580	0.00004948
-21575	0.00005005
-21570	0.00004828
-21565	0.00004573
-21560	0.00005172
-21555	0.00005031
-21550	0.00005094
-21545	0.00005094
-21540	0.00005453
-21535	0.00004891
-21530	0.00005156
-21525	0.00005
-21520	0.00004995
-21515	0.00005135
-21510	0.00004964
-21505	0.00005094
-21500	0.00005089
-21495	0.0000499
-21490	0.0000513
-21485	0.00005115
-21480	0.00005557
-21475	0.00005276
-21470	0.00005135
-21465	0.00005568
-21460	0.00005224
-21455	0.00004964
-21450	0.00005099
-21445	0.00005458
-21440	0.00005203
-21435	0.00005531
-21430	0.00005578
-21425	0.00005214
-21420	0.00005464
-21415	0.0000526
-21410	0.00005302
-21405	0.00005333
-21400	0.00005484
-21395	0.00005224
-21390	0.00005484
-21385	0.0000537
-21380	0.00005307
-21375	0.00005375
-21370	0.00005672
-21365	0.00005578
-21360	0.00005375
-21355	0.00005484
-21350	0.00005625
-21345	0.0000563
-21340	0.00005839
-21335	0.00005953
-21330	0.00005344
-21325	0.00005573
-21320	0.00005589
-21315	0.00005599
-21310	0.00005036
-21305	0.00005531
-21300	0.00005828
-21295	0.00005547
-21290	0.00005615
-21285	0.00005609
-21280	0.0000563
-21275	0.00005688
-21270	0.00005771
-21265	0.00005964
-21260	0.00005568
-21255	0.00005464
-21250	0.00005885
-21245	0.00005094
-21240	0.0000599
-21235	0.00005714
-21230	0.00005349
-21225	0.00005667
-21220	0.000055
-21215	0.00005568
-21210	0.00006109
-21205	0.0000524
-21200	0.00006234
-21195	0.00005859
-21190	0.00005385
-21185	0.00005901
-21180	0.00006193
-21175	0.00005635
-21170	0.00005849
-21165	0.00005896
-21160	0.00005839
-21155	0.00005745
-21150	0.00005979
-21145	0.00006156
-21140	0.00005932
-21135	0.00006099
-21130	0.00006057
-21125	0.00005969
-21120	0.00006208
-21115	0.00005938
-21110	0.00006255
-21105	0.00006094
-21100	0.00006443
-21095	0.00006005
-21090	0.00006115
-21085	0.00005875
-21080	0.00006641
-21075	0.00006349
-21070	0.00006307
-21065	0.00006234
-21060	0.00006391
-21055	0.00005958
-21050	0.00006125
-21045	0.00005932
-21040	0.00005896
-21035	0.0000612
-21030	0.00006333
-21025	0.0000676
-21020	0.00006245
-21015	0.00006276
-21010	0.00006432
-21005	0.00006135
-21000	0.00006703
-20995	0.000065
-20990	0.00006568
-20985	0.00006828
-20980	0.00006594
-20975	0.00006609
-20970	0.00006141
-20965	0.00006135
-20960	0.00006307
-20955	0.00006547
-20950	0.00006719
-20945	0.00006453
-20940	0.0000676
-20935	0.00006901
-20930	0.00006635
-20925	0.00006411
-20920	0.000065
-20915	0.0000674
-20910	0.00006703
-20905	0.00006865
-20900	0.00006729
-20895	0.00006583
-20890	0.00007104
-20885	0.00006943
-20880	0.0000688
-20875	0.00006422
-20870	0.00007172
-20865	0.00007224
-20860	0.00007276
-20855	0.00006708
-20850	0.0000662
-20845	0.00006766
-20840	0.00006927
-20835	0.00006917
-20830	0.00007161
-20825	0.00006568
-20820	0.0000687
-20815	0.00006505
-20810	0.00007052
-20805	0.00006901
-20800	0.00007125
-20795	0.00007021
-20790	0.00007344
-20785	0.0000662
-20780	0.00007323
-20775	0.00007198
-20770	0.0000687
-20765	0.00006854
-20760	0.00006995
-20755	0.00007031
-20750	0.00007068
-20745	0.00006911
-20740	0.00007323
-20735	0.00007135
-20730	0.00006984
-20725	0.00007391
-20720	0.00007208
-20715	0.00007073
-20710	0.0000712
-20705	0.00007792
-20700	0.00007927
-20695	0.00007156
-20690	0.00007677
-20685	0.00007964
-20680	0.0000737
-20675	0.00007901
-20670	0.00007844
-20665	0.0000713
-20660	0.00007583
-20655	0.00007432
-20650	0.00007307
-20645	0.00007297
-20640	0.00007438
-20635	0.00007755
-20630	0.00007688
-20625	0.00007422
-20620	0.0000801
-20615	0.00007885
-20610	0.00007443
-20605	0.00007589
-20600	0.00007625
-20595	0.0000763
-20590	0.0000762
-20585	0.00007922
-20580	0.0000801
-20575	0.00008068
-20570	0.00007969
-20565	0.00007901
-20560	0.00007964
-20555	0.00007792
-20550	0.00007938
-20545	0.00007625
-20540	0.00007542
-20535	0.00007516
-20530	0.00007661
-20525	0.00007792
-20520	0.00007964
-20515	0.00008146
-20510	0.00008344
-20505	0.00008307
-20500	0.00007927
-20495	0.00008339
-20490	0.00008188
-20485	0.00007943
-20480	0.00007849
-20475	0.00007552
-20470	0.00008318
-20465	0.00007786
-20460	0.00008349
-20455	0.0000851
-20450	0.00008047
-20445	0.0000838
-20440	0.00008125
-20435	0.00008891
-20430	0.00008422
-20425	0.00008401
-20420	0.00008286
-20415	0.00008318
-20410	0.00008583
-20405	0.00008271
-20400	0.00008708
-20395	0.0000826
-20390	0.00008161
-20385	0.0000851
-20380	0.00008682
-20375	0.00008885
-20370	0.00008458
-20365	0.00009026
-20360	0.00008313
-20355	0.00008396
-20350	0.00008703
-20345	0.00008219
-20340	0.0000887
-20335	0.00008698
-20330	0.00008521
-20325	0.00008406
-20320	0.00009109
-20315	0.00008552
-20310	0.00008792
-20305	0.00008865
-20300	0.00008672
-20295	0.00008615
-20290	0.00008807
-20285	0.00008599
-20280	0.00009167
-20275	0.00009182
-20270	0.00009089
-20265	0.00009036
-20260	0.00008813
-20255	0.00008786
-20250	0.00009104
-20245	0.00009391
-20240	0.00008979
-20235	0.00008901
-20230	0.00009089
-20225	0.00009156
-20220	0.00009266
-20215	0.00008958
-20210	0.00008594
-20205	0.00009146
-20200	0.00009078
-20195	0.0000987
-20190	0.00009063
-20185	0.00009375
-20180	0.00009349
-20175	0.0000888
-20170	0.00009333
-20165	0.00009057
-20160	0.00009464
-20155	0.0000949
-20150	0.00009167
-20145	0.00009266
-20140	0.00009724
-20135	0.00009365
-20130	0.00009385
-20125	0.00008667
-20120	0.00009151
-20115	0.00009906
-20110	0.00009615
-20105	0.00009245
-20100	0.00009521
-20095	0.00010516
-20090	0.00009219
-20085	0.00009026
-20080	0.00009745
-20075	0.00010063
-20070	0.00009229
-20065	0.00009417
-20060	0.00009844
-20055	0.00009818
-20050	0.00009276
-20045	0.00010068
-20040	0.00010063
-20035	0.00010057
-20030	0.00009979
-20025	0.00009313
-20020	0.00009828
-20015	0.00009406
-20010	0.00010047
-20005	0.0001012
-20000	0.00009974
-19995	0.00010094
-19990	0.00009844
-19985	0.00009438
-19980	0.00010344
-19975	0.00010271
-19970	0.00009979
-19965	0.00010302
-19960	0.00010078
-19955	0.00009917
-19950	0.00010875
-19945	0.00011083
-19940	0.0001024
-19935	0.00010198
-19930	0.00010406
-19925	0.00010073
-19920	0.00010109
-19915	0.0001013
-19910	0.00010156
-19905	0.00010557
-19900	0.00010406
-19895	0.00010161
-19890	0.00010536
-19885	0.00010318
-19880	0.000105
-19875	0.00009656
-19870	0.00010964
-19865	0.00010344
-19860	0.00010245
-19855	0.00010661
-19850	0.00011151
-19845	0.00009833
-19840	0.00010536
-19835	0.00010802
-19830	0.00010672
-19825	0.00010745
-19820	0.00010339
-19815	0.0001112
-19810	0.00010432
-19805	0.00011266
-19800	0.00010833
-19795	0.00010193
-19790	0.00011031
-19785	0.00009943
-19780	0.00011021
-19775	0.0001075
-19770	0.00010354
-19765	0.00010672
-19760	0.00010786
-19755	0.00011177
-19750	0.00010911
-19745	0.00011469
-19740	0.00011292
-19735	0.0001101
-19730	0.00011135
-19725	0.0001075
-19720	0.00010828
-19715	0.00011109
-19710	0.00011161
-19705	0.00011521
-19700	0.0001099
-19695	0.00011172
-19690	0.00011214
-19685	0.00011255
-19680	0.00011328
-19675	0.00011224
-19670	0.00011599
-19665	0.00011219
-19660	0.00011198
-19655	0.00011526
-19650	0.00011286
-19645	0.0001126
-19640	0.00011797
-19635	0.000115
-19630	0.00010896
-19625	0.00011844
-19620	0.00011229
-19615	0.00011276
-19610	0.0001176
-19605	0.00011729
-19600	0.00011547
-19595	0.00011672
-19590	0.00012
-19585	0.00011703
-19580	0.00012073
-19575	0.00011891
-19570	0.00011646
-19565	0.00011266
-19560	0.00011406
-19555	0.00012396
-19550	0.00011875
-19545	0.00011516
-19540	0.00011464
-19535	0.00011224
-19530	0.00011641
-19525	0.00012057
-19520	0.00011974
-19515	0.00012365
-19510	0.00012219
-19505	0.00012875
-19500	0.00012313
-19495	0.00011844
-19490	0.00011573
-19485	0.00011958
-19480	0.00012536
-19475	0.00011885
-19470	0.0001212
-19465	0.00011432
-19460	0.00011911
-19455	0.00012026
-19450	0.00012552
-19445	0.00012396
-19440	0.00012193
-19435	0.00012323
-19430	0.00012396
-19425	0.00012615
-19420	0.00012693
-19415	0.00012193
-19410	0.00012151
-19405	0.00012078
-19400	0.00012792
-19395	0.00011911
-19390	0.0001149
-19385	0.00012255
-19380	0.00013135
-19375	0.00012802
-19370	0.00012849
-19365	0.00012479
-19360	0.00012609
-19355	0.00012771
-19350	0.00013172
-19345	0.00012901
-19340	0.00012948
-19335	0.00013172
-19330	0.00012797
-19325	0.00012823
-19320	0.00012859
-19315	0.00013531
-19310	0.00012969
-19305	0.00012734
-19300	0.00013359
-19295	0.00013594
-19290	0.00013115
-19285	0.00012833
-19280	0.00012854
-19275	0.00012984
-19270	0.00013396
-19265	0.0001249
-19260	0.00012932
-19255	0.00013333
-19250	0.00012234
-19245	0.00013365
-19240	0.00013328
-19235	0.00013484
-19230	0.00013052
-19225	0.00012943
-19220	0.00013646
-19215	0.00013984
-19210	0.00013125
-19205	0.00013016
-19200	0.00013755
-19195	0.00013594
-19190	0.00013662
-19185	0.00014073
-19180	0.0001287
-19175	0.00012745
-19170	0.00012698
-19165	0.00013151
-19160	0.00013453
-19155	0.00013359
-19150	0.00013807
-19145	0.00013734
-19140	0.00012797
-19135	0.00014057
-19130	0.00013693
-19125	0.00014141
-19120	0.00013286
-19115	0.00013818
-19110	0.0001362
-19105	0.00013672
-19100	0.00013807
-19095	0.00014417
-19090	0.00013005
-19085	0.00013677
-19080	0.00013776
-19075	0.00013078
-19070	0.00014531
-19065	0.00014427
-19060	0.00014151
-19055	0.00014063
-19050	0.00014151
-19045	0.00014677
-19040	0.00013813
-19035	0.00014932
-19030	0.00014302
-19025	0.00014594
-19020	0.00013943
-19015	0.00013662
-19010	0.00013969
-19005	0.00014005
-19000	0.00014453
-18995	0.00014214
-18990	0.00014375
-18985	0.00013578
-18980	0.00014307
-18975	0.00014656
-18970	0.00014604
-18965	0.0001412
-18960	0.00014365
-18955	0.00014698
-18950	0.0001412
-18945	0.00014922
-18940	0.00014922
-18935	0.0001475
-18930	0.00014766
-18925	0.00014073
-18920	0.00014281
-18915	0.00014984
-18910	0.00014859
-18905	0.00015203
-18900	0.00014766
-18895	0.00015391
-18890	0.00014354
-18885	0.00015297
-18880	0.00014766
-18875	0.0001563
-18870	0.00014906
-18865	0.00014958
-18860	0.00015
-18855	0.00014557
-18850	0.00015125
-18845	0.0001563
-18840	0.00015573
-18835	0.00015604
-18830	0.00015698
-18825	0.00016198
-18820	0.00015219
-18815	0.00015021
-18810	0.0001562
-18805	0.00014828
-18800	0.00015734
-18795	0.00015031
-18790	0.00015141
-18785	0.00016042
-18780	0.00014818
-18775	0.00015042
-18770	0.00015417
-18765	0.00015677
-18760	0.00015443
-18755	0.00016802
-18750	0.00015729
-18745	0.00015505
-18740	0.00015427
-18735	0.00016578
-18730	0.00016193
-18725	0.00015891
-18720	0.00015604
-18715	0.00015536
-18710	0.00015922
-18705	0.00015052
-18700	0.00014953
-18695	0.00015854
-18690	0.00016063
-18685	0.00014479
-18680	0.00015083
-18675	0.00015422
-18670	0.00015885
-18665	0.0001563
-18660	0.00015958
-18655	0.00015979
-18650	0.00016448
-18645	0.00016063
-18640	0.00016219
-18635	0.00016078
-18630	0.00016031
-18625	0.00016516
-18620	0.00015583
-18615	0.00015979
-18610	0.00016172
-18605	0.00016635
-18600	0.00015807
-18595	0.00016339
-18590	0.00016109
-18585	0.00016682
-18580	0.00016063
-18575	0.00016401
-18570	0.00016536
-18565	0.00017578
-18560	0.00016193
-18555	0.00015656
-18550	0.0001687
-18545	0.0001662
-18540	0.00016682
-18535	0.00016724
-18530	0.00016813
-18525	0.00016234
-18520	0.00016792
-18515	0.00016844
-18510	0.00016604
-18505	0.00017297
-18500	0.00016448
-18495	0.00017302
-18490	0.00016552
-18485	0.00016458
-18480	0.00017188
-18475	0.00016557
-18470	0.00016609
-18465	0.00016057
-18460	0.00016896
-18455	0.00017115
-18450	0.00017328
-18445	0.00016474
-18440	0.00016385
-18435	0.00017156
-18430	0.00017255
-18425	0.00016802
-18420	0.00016542
-18415	0.00017198
-18410	0.00015745
-18405	0.00016995
-18400	0.00017953
-18395	0.00016948
-18390	0.00016875
-18385	0.0001762
-18380	0.00017188
-18375	0.00016932
-18370	0.00017365
-18365	0.00016438
-18360	0.00017266
-18355	0.0001712
-18350	0.00017573
-18345	0.00017578
-18340	0.0001724
-18335	0.00017557
-18330	0.00018052
-18325	0.00017313
-18320	0.00017193
-18315	0.00017573
-18310	0.00017193
-18305	0.00018599
-18300	0.00017792
-18295	0.00017568
-18290	0.00017354
-18285	0.00016911
-18280	0.00017125
-18275	0.0001725
-18270	0.00017745
-18265	0.00017912
-18260	0.00017385
-18255	0.00017141
-18250	0.00017531
-18245	0.00017589
-18240	0.00016698
-18235	0.00016958
-18230	0.00016724
-18225	0.00017802
-18220	0.00019286
-18215	0.00018052
-18210	0.00018307
-18205	0.00018021
-18200	0.00017573
-18195	0.00018448
-18190	0.00017875
-18185	0.00016412
-18180	0.00018589
-18175	0.00017313
-18170	0.00017734
-18165	0.00018401
-18160	0.00018422
-18155	0.00017865
-18150	0.00018052
-18145	0.00018833
-18140	0.00018938
-18135	0.00018229
-18130	0.00017927
-18125	0.00018182
-18120	0.0001851
-18115	0.00017766
-18110	0.00018948
-18105	0.00018094
-18100	0.00018823
-18095	0.0001826
-18090	0.00018281
-18085	0.00018094
-18080	0.00019016
-18075	0.00018
-18070	0.00016969
-18065	0.00018526
-18060	0.00019604
-18055	0.00017781
-18050	0.00018406
-18045	0.00018839
-18040	0.00018365
-18035	0.0001813
-18030	0.00017359
-18025	0.00018651
-18020	0.0001926
-18015	0.00019313
-18010	0.0001862
-18005	0.00017568
-18000	0.00018141
-17995	0.00018161
-17990	0.00018766
-17985	0.00018521
-17980	0.00018969
-17975	0.00018703
-17970	0.00018073
-17965	0.00018734
-17960	0.00019396
-17955	0.00019
-17950	0.0001788
-17945	0.00019771
-17940	0.00018537
-17935	0.00018912
-17930	0.00018224
-17925	0.00018
-17920	0.00019969
-17915	0.00019104
-17910	0.00019047
-17905	0.00018943
-17900	0.00018406
-17895	0.00018813
-17890	0.00019349
-17885	0.00018427
-17880	0.00019125
-17875	0.00019036
-17870	0.00019281
-17865	0.0001799
-17860	0.00018833
-17855	0.00018698
-17850	0.00018042
-17845	0.00019172
-17840	0.00019083
-17835	0.00019943
-17830	0.00018479
-17825	0.0001926
-17820	0.00019651
-17815	0.00019422
-17810	0.00020016
-17805	0.00019281
-17800	0.00019104
-17795	0.00018964
-17790	0.00019172
-17785	0.00018333
-17780	0.00019057
-17775	0.00018661
-17770	0.00018969
-17765	0.00019948
-17760	0.00019167
-17755	0.00020037
-17750	0.00020104
-17745	0.00019026
-17740	0.00019229
-17735	0.00019219
-17730	0.00019417
-17725	0.00019505
-17720	0.00018896
-17715	0.00019057
-17710	0.0001862
-17705	0.00019391
-17700	0.00018917
-17695	0.0001899
-17690	0.00019479
-17685	0.00018766
-17680	0.00018802
-17675	0.00018375
-17670	0.00018755
-17665	0.00019901
-17660	0.00019651
-17655	0.00019667
-17650	0.00018427
-17645	0.0001851
-17640	0.00019969
-17635	0.00019651
-17630	0.00020125
-17625	0.00018927
-17620	0.00018849
-17615	0.0002062
-17610	0.0001987
-17605	0.00019557
-17600	0.0001924
-17595	0.00019537
-17590	0.0001974
-17585	0.00019547
-17580	0.00019573
-17575	0.00019234
-17570	0.00019557
-17565	0.00019901
-17560	0.00020109
-17555	0.00019089
-17550	0.00018828
-17545	0.00020198
-17540	0.0001962
-17535	0.00020188
-17530	0.00020224
-17525	0.00019505
-17520	0.00019104
-17515	0.00019859
-17510	0.00020115
-17505	0.00018177
-17500	0.00019537
-17495	0.00018974
-17490	0.00019521
-17485	0.00018583
-17480	0.00018547
-17475	0.00020141
-17470	0.00020563
-17465	0.00018787
-17460	0.00019396
-17455	0.0002
-17450	0.0001924
-17445	0.00019719
-17440	0.00019219
-17435	0.00020516
-17430	0.00019547
-17425	0.00019297
-17420	0.00020526
-17415	0.00019146
-17410	0.00020156
-17405	0.00019677
-17400	0.00020469
-17395	0.00019703
-17390	0.00019698
-17385	0.00019672
-17380	0.00019177
-17375	0.00019542
-17370	0.00019266
-17365	0.00019901
-17360	0.00019219
-17355	0.00019162
-17350	0.00019375
-17345	0.00019896
-17340	0.00020443
-17335	0.00019286
-17330	0.00020135
-17325	0.00019537
-17320	0.00019328
-17315	0.00018396
-17310	0.00019787
-17305	0.00019698
-17300	0.00021406
-17295	0.00019276
-17290	0.00019958
-17285	0.00020287
-17280	0.00019375
-17275	0.00018969
-17270	0.00020104
-17265	0.00020432
-17260	0.00019313
-17255	0.00019036
-17250	0.00018469
-17245	0.00019813
-17240	0.0001874
-17235	0.00019958
-17230	0.00018891
-17225	0.00020396
-17220	0.00019063
-17215	0.00018287
-17210	0.00018885
-17205	0.00020792
-17200	0.00019365
-17195	0.00019849
-17190	0.00019932
-17185	0.00020974
-17180	0.00019708
-17175	0.00019453
-17170	0.00020865
-17165	0.0002099
-17160	0.00021193
-17155	0.00019323
-17150	0.0001913
-17145	0.00018651
-17140	0.00019604
-17135	0.00020188
-17130	0.00019594
-17125	0.00020073
-17120	0.00019099
-17115	0.00019854
-17110	0.00019266
-17105	0.00018797
-17100	0.00019005
-17095	0.00019203
-17090	0.00019563
-17085	0.0001999
-17080	0.00019016
-17075	0.00019359
-17070	0.00019333
-17065	0.00019672
-17060	0.00019354
-17055	0.0001987
-17050	0.0001974
-17045	0.00019781
-17040	0.00019578
-17035	0.0001963
-17030	0.00019276
-17025	0.00020599
-17020	0.00019323
-17015	0.00019693
-17010	0.00018271
-17005	0.00018922
-17000	0.00019323
-16995	0.00018646
-16990	0.00018521
-16985	0.00019167
-16980	0.00018406
-16975	0.00019714
-16970	0.00019797
-16965	0.00017969
-16960	0.00019286
-16955	0.00018776
-16950	0.00020026
-16945	0.00018912
-16940	0.00019474
-16935	0.00017984
-16930	0.00018589
-16925	0.00020042
-16920	0.00018969
-16915	0.00019286
-16910	0.00018646
-16905	0.00018906
-16900	0.00019344
-16895	0.00018969
-16890	0.0001874
-16885	0.00019255
-16880	0.00018802
-16875	0.0001887
-16870	0.00019198
-16865	0.00019052
-16860	0.00018042
-16855	0.00019313
-16850	0.00019359
-16845	0.00018938
-16840	0.0001813
-16835	0.0002038
-16830	0.00019156
-16825	0.00018698
-16820	0.00018651
-16815	0.00018057
-16810	0.00019708
-16805	0.00019083
-16800	0.00018651
-16795	0.00018781
-16790	0.00019162
-16785	0.00017161
-16780	0.00018609
-16775	0.00018474
-16770	0.00018188
-16765	0.0001826
-16760	0.00018271
-16755	0.00018292
-16750	0.00018708
-16745	0.00018661
-16740	0.00018818
-16735	0.00017438
-16730	0.00017797
-16725	0.00017912
-16720	0.00016703
-16715	0.00017438
-16710	0.00017896
-16705	0.00019141
-16700	0.00018547
-16695	0.00018396
-16690	0.00018469
-16685	0.00018484
-16680	0.00018953
-16675	0.00018109
-16670	0.00019146
-16665	0.00017188
-16660	0.00019068
-16655	0.00018891
-16650	0.00018146
-16645	0.00017714
-16640	0.00018391
-16635	0.00017958
-16630	0.00017828
-16625	0.00018948
-16620	0.00018344
-16615	0.00017714
-16610	0.00017333
-16605	0.00019141
-16600	0.000185
-16595	0.00018151
-16590	0.00017458
-16585	0.00018453
-16580	0.00018531
-16575	0.00016412
-16570	0.00018542
-16565	0.00016948
-16560	0.00018125
-16555	0.00017198
-16550	0.00018547
-16545	0.00017688
-16540	0.0001874
-16535	0.00018094
-16530	0.00017526
-16525	0.00016917
-16520	0.00017417
-16515	0.00017464
-16510	0.00019177
-16505	0.00018646
-16500	0.00017578
-16495	0.00017854
-16490	0.00018214
-16485	0.0001649
-16480	0.00018271
-16475	0.00016927
-16470	0.00017245
-16465	0.00016771
-16460	0.00017281
-16455	0.00017526
-16450	0.0001824
-16445	0.00017037
-16440	0.00016755
-16435	0.00016823
-16430	0.00017662
-16425	0.00017339
-16420	0.00016953
-16415	0.00016573
-16410	0.00017484
-16405	0.00017266
-16400	0.00017401
-16395	0.00018089
-16390	0.00018411
-16385	0.00015969
-16380	0.00017906
-16375	0.00017115
-16370	0.00017193
-16365	0.00015656
-16360	0.00017266
-16355	0.00015917
-16350	0.00016484
-16345	0.00015818
-16340	0.00016823
-16335	0.00016677
-16330	0.00016031
-16325	0.0001624
-16320	0.00016151
-16315	0.00017281
-16310	0.00016177
-16305	0.00016359
-16300	0.0001674
-16295	0.00017125
-16290	0.00016214
-16285	0.00015307
-16280	0.00016068
-16275	0.00015833
-16270	0.0001663
-16265	0.00015568
-16260	0.00016203
-16255	0.0001599
-16250	0.00017958
-16245	0.00015401
-16240	0.00016807
-16235	0.0001676
-16230	0.00015823
-16225	0.00016958
-16220	0.00016323
-16215	0.00016766
-16210	0.00016948
-16205	0.0001601
-16200	0.00016443
-16195	0.00016016
-16190	0.00016078
-16185	0.00015734
-16180	0.00016349
-16175	0.00015172
-16170	0.00015323
-16165	0.00015188
-16160	0.00016052
-16155	0.00015563
-16150	0.00016224
-16145	0.00015682
-16140	0.00014833
-16135	0.00014552
-16130	0.00014729
-16125	0.00014964
-16120	0.00016135
-16115	0.00015787
-16110	0.00016026
-16105	0.0001412
-16100	0.00014912
-16095	0.00015151
-16090	0.0001487
-16085	0.00014922
-16080	0.00015729
-16075	0.00014656
-16070	0.00015787
-16065	0.00015245
-16060	0.00014974
-16055	0.00014844
-16050	0.00014651
-16045	0.0001537
-16040	0.00014036
-16035	0.00013599
-16030	0.00014354
-16025	0.00015781
-16020	0.00015318
-16015	0.00014583
-16010	0.00014297
-16005	0.00014589
-16000	0.00014089
-15995	0.00013719
-15990	0.00014036
-15985	0.0001437
-15980	0.00013323
-15975	0.00014755
-15970	0.00013641
-15965	0.00013724
-15960	0.00013401
-15955	0.00012953
-15950	0.00014193
-15945	0.00015089
-15940	0.00013536
-15935	0.00013307
-15930	0.0001413
-15925	0.00014693
-15920	0.0001312
-15915	0.0001488
-15910	0.00014177
-15905	0.00013344
-15900	0.00013542
-15895	0.00013745
-15890	0.00013094
-15885	0.00013516
-15880	0.00012859
-15875	0.00013057
-15870	0.00014302
-15865	0.00013229
-15860	0.00012714
-15855	0.00012063
-15850	0.0001326
-15845	0.00013844
-15840	0.00013333
-15835	0.0001351
-15830	0.00013026
-15825	0.00012719
-15820	0.00012417
-15815	0.00011854
-15810	0.00014068
-15805	0.00012427
-15800	0.00012875
-15795	0.00011526
-15790	0.00013406
-15785	0.00012703
-15780	0.00012333
-15775	0.00013542
-15770	0.00013349
-15765	0.00011448
-15760	0.00012781
-15755	0.00012292
-15750	0.00012661
-15745	0.00013188
-15740	0.00012266
-15735	0.00012016
-15730	0.00013474
-15725	0.00011094
-15720	0.00012651
-15715	0.00012646
-15710	0.00012547
-15705	0.00011365
-15700	0.00011328
-15695	0.00011839
-15690	0.00012484
-15685	0.00011677
-15680	0.00011552
-15675	0.00011167
-15670	0.00011771
-15665	0.00011818
-15660	0.00011917
-15655	0.00012406
-15650	0.00012438
-15645	0.00011552
-15640	0.00011318
-15635	0.00011813
-15630	0.00012917
-15625	0.00011307
-15620	0.00010615
-15615	0.00011141
-15610	0.0001176
-15605	0.00012406
-15600	0.00010714
-15595	0.00010339
-15590	0.00011182
-15585	0.00010578
-15580	0.0001138
-15575	0.00010661
-15570	0.00010964
-15565	0.00011604
-15560	0.00011208
-15555	0.00010677
-15550	0.00010901
-15545	0.00010573
-15540	0.00011589
-15535	0.00010484
-15530	0.00009885
-15525	0.00010943
-15520	0.00011
-15515	0.00012141
-15510	0.00010818
-15505	0.00011516
-15500	0.00010672
-15495	0.00010359
-15490	0.00010141
-15485	0.00009552
-15480	0.00009974
-15475	0.00009818
-15470	0.0001075
-15465	0.00010135
-15460	0.00009344
-15455	0.00010042
-15450	0.00010557
-15445	0.0000801
-15440	0.00010042
-15435	0.00010115
-15430	0.00009099
-15425	0.00009484
-15420	0.00009089
-15415	0.00009609
-15410	0.0000849
-15405	0.0001026
-15400	0.00009057
-15395	0.00010401
-15390	0.00010432
-15385	0.0001
-15380	0.00009281
-15375	0.0000863
-15370	0.00009474
-15365	0.00008906
-15360	0.00008464
-15355	0.00008542
-15350	0.00008802
-15345	0.00008755
-15340	0.00009135
-15335	0.00008677
-15330	0.00008255
-15325	0.00009453
-15320	0.0001013
-15315	0.00009406
-15310	0.00008406
-15305	0.00008297
-15300	0.00008099
-15295	0.00008344
-15290	0.00007813
-15285	0.0000901
-15280	0.00008047
-15275	0.0000824
-15270	0.00007672
-15265	0.00008823
-15260	0.00009542
-15255	0.00009302
-15250	0.00007302
-15245	0.00008344
-15240	0.00007484
-15235	0.00009354
-15230	0.00009177
-15225	0.00007964
-15220	0.00007953
-15215	0.0000687
-15210	0.00008677
-15205	0.00009104
-15200	0.00006797
-15195	0.00007083
-15190	0.00006859
-15185	0.00007406
-15180	0.0000651
-15175	0.00007901
-15170	0.0000699
-15165	0.00008469
-15160	0.0000724
-15155	0.00007026
-15150	0.00007865
-15145	0.0000675
-15140	0.00007641
-15135	0.00006453
-15130	0.00006401
-15125	0.0000801
-15120	0.00008245
-15115	0.00007083
-15110	0.00006615
-15105	0.00005932
-15100	0.00007667
-15095	0.00006292
-15090	0.00006396
-15085	0.00007021
-15080	0.00006521
-15075	0.00007469
-15070	0.00005406
-15065	0.00006833
-15060	0.0000676
-15055	0.00006833
-15050	0.00006557
-15045	0.00006339
-15040	0.00007297
-15035	0.0000649
-15030	0.00007036
-15025	0.00005583
-15020	0.00005859
-15015	0.00005484
-15010	0.00005823
-15005	0.00005932
-15000	0.00005625
-14995	0.00006411
-14990	0.00005443
-14985	0.0000563
-14980	0.00006531
-14975	0.00006896
-14970	0.00006911
-14965	0.00005917
-14960	0.00006214
-14955	0.00005516
-14950	0.00005318
-14945	0.00005401
-14940	0.00005083
-14935	0.00006505
-14930	0.00004839
-14925	0.00005932
-14920	0.0000576
-14915	0.00005901
-14910	0.00006281
-14905	0.00004568
-14900	0.00006141
-14895	0.00005589
-14890	0.00005745
-14885	0.000055
-14880	0.00005245
-14875	0.00004745
-14870	0.0000475
-14865	0.0000513
-14860	0.00004875
-14855	0.00005417
-14850	0.00004901
-14845	0.00005036
-14840	0.00004859
-14835	0.00005313
-14830	0.00004953
-14825	0.00004646
-14820	0.00004599
-14815	0.00004474
-14810	0.00004703
-14805	0.00005198
-14800	0.00004755
-14795	0.0000501
-14790	0.00003839
-14785	0.000055
-14780	0.00004521
-14775	0.00005125
-14770	0.00004417
-14765	0.0000475
-14760	0.00003354
-14755	0.00004005
-14750	0.00004573
-14745	0.00004813
-14740	0.00004406
-14735	0.00004115
-14730	0.0000399
-14725	0.00005203
-14720	0.00003359
-14715	0.00004615
-14710	0.00003724
-14705	0.00003828
-14700	0.00004036
-14695	0.0000426
-14690	0.000031354
-14685	0.00004031
-14680	0.00004219
-14675	0.0000399
-14670	0.00003396
-14665	0.0000426
-14660	0.00003833
-14655	0.00003813
-14650	0.0000349
-14645	0.00004109
-14640	0.00003974
-14635	0.00003984
-14630	0.00003313
-14625	0.00003557
-14620	0.00003875
-14615	0.00003411
-14610	0.00004031
-14605	0.000031563
-14600	0.00003385
-14595	0.00003427
-14590	0.00003411
-14585	0.00003516
-14580	0.00003729
-14575	0.000028385
-14570	0.000029792
-14565	0.00003531
-14560	0.00003833
-14555	0.0000326
-14550	0.000027187
-14545	0.00003823
-14540	0.000029636
-14535	0.000029219
-14530	0.00003432
-14525	0.000031094
-14520	0.00003422
-14515	0.000031094
-14510	0.000027708
-14505	0.00003432
-14500	0.000026042
-14495	0.00003505
-14490	0.00002974
-14485	0.000026615
-14480	0.000026771
-14475	0.000029062
-14470	0.000028698
-14465	0.000020729
-14460	0.000029115
-14455	0.000030417
-14450	0.00003266
-14445	0.000031511
-14440	0.000025313
-14435	0.000024063
-14430	0.000028438
-14425	0.000028438
-14420	0.000030208
-14415	0.000028906
-14410	0.000025313
-14405	0.000029792
-14400	0.000029062
-14395	0.0000275
-14390	0.000026042
-14385	0.000030313
-14380	0.00002401
-14375	0.000023177
-14370	0.000024531
-14365	0.000021563
-14360	0.000023281
-14355	0.000024427
-14350	0.000025521
-14345	0.000027031
-14340	0.000026042
-14335	0.000022708
-14330	0.000020938
-14325	0.000019011
-14320	0.000023802
-14315	0.000021719
-14310	0.000027969
-14305	0.000022865
-14300	0.000021563
-14295	0.000020938
-14290	0.000020938
-14285	0.000021406
-14280	0.000019115
-14275	0.000022292
-14270	0.000022917
-14265	0.000028021
-14260	0.000019375
-14255	0.000023542
-14250	0.000022604
-14245	0.000023698
-14240	0.000019323
-14235	0.000015573
-14230	0.000016823
-14225	0.000015365
-14220	0.000018906
-14215	0.000009219
-14210	0.000018021
-14205	0.00001974
-14200	0.000014635
-14195	0.000024896
-14190	0.000012708
-14185	0.000021458
-14180	0.000010208
-14175	0.000010729
-14170	0.000015573
-14165	0.000020885
-14160	0.000016354
-14155	0.000016615
-14150	0.000013646
-14145	0.000017136
-14140	0.000020208
-14135	0.000017136
-14130	0.000014531
-14125	0.000018437
-14120	0.000017083
-14115	0.000012917
-14110	0.000011354
-14105	0.000011354
-14100	0.000017292
-14095	0.000012396
-14090	0.000010573
-14085	0.000014375
-14080	0.000014688
-14075	0.000016094
-14070	0.000013646
-14065	0.00000599
-14060	0.000011198
-14055	0.000009479
-14050	0.00001099
-14045	0.000011771
-14040	0.00001375
-14035	0.000013854
-14030	0.000014427
-14025	0.000015677
-14020	0.000015156
-14015	0.000014948
-14010	0.000010625
-14005	0.000010833
-14000	0.000007135
-13995	0.000006823
-13990	0.000015208
-13985	0.000014844
-13980	0.000010208
-13975	0.000006771
-13970	0.000012083
-13965	0.000010312
-13960	0.000006302
-13955	0.000014167
-13950	0.000015156
-13945	0.000013854
-13940	0.000012552
-13935	0.000009063
-13930	0.000008646
-13925	0.000011563
-13920	0.000011406
-13915	0.000006198
-13910	0.00001849
-13905	0.00001151
-13900	0.000013073
-13895	0.0000125
-13890	0.000017292
-13885	0.00000724
-13880	0.00000901
-13875	0.000011719
-13870	0.000006198
-13865	0.00000724
-13860	0.000008021
-13855	0.000007604
-13850	0.000008646
-13845	0.00001151
-13840	0.000006354
-13835	0.000010938
-13830	0.000008021
-13825	0.000008594
-13820	0.00001099
-13815	0.000004115
-13810	0.000004636
-13805	0.000011302
-13800	0.000005469
-13795	0.0000022918
-13790	0.000010677
-13785	0.000007448
-13780	0.000005156
-13775	0.000013281
-13770	0.000005417
-13765	0.00000901
-13760	0.00001151
-13755	0.000005052
-13750	0.000006302
-13745	0.00000776
-13740	0.000007812
-13735	0.000006042
-13730	0.000008281
-13725	0.000004792
-13720	0.000006302
-13715	0.000004531
-13710	0.0000030729
-13705	0.0000023438
-13700	0.00000349
-13695	0.000003437
-13690	0.000007969
-13685	0.000003281
-13680	0.000005417
-13675	0.00000526
-13670	0.0000075
-13665	0.000007656
-13660	0.000004375
-13655	0.000010104
-13650	0.000004636
-13645	0.000005625
-13640	0.0000020833
-13635	0.000003333
-13630	0.000003333
-13625	0.000004583
-13620	0.000007344
-13615	0.0000020833
-13610	0.00000401
-13605	0.0000028646
-13600	0.000004271
-13595	0.000004062
-13590	0.0000025
-13585	0.000005937
-13580	0.000003333
-13575	0.000009687
-13570	0.0000013542
-13565	0.00000349
-13560	0.0000021875
-13555	0.000007396
-13550	0.000005521
-13545	0.000006146
-13540	0.0000011979
-13535	0.000005156
-13530	0.0000022918
-13525	0.000007604
-13520	0.000003906
-13515	0.000003229
-13510	0.000004115
-13505	0.0000020833
-13500	0.000003906
-13495	0.00000401
-13490	0.0000013021
-13485	0.000001927
-13480	0.000003281
-13475	0.000001823
-13470	0.000003698
-13465	0.0000023438
-13460	0.0000015624
-13455	0.0000014062
-13450	0.000004479
-13445	0.0000010416
-13440	0.0000028646
-13435	0.000001823
-13430	0.000003646
-13425	0.000004688
-13420	0.0000028126
-13415	4.166e-7
-13410	0.0000015624
-13405	0.000003333
-13400	7.813e-7
-13395	0.0000025
-13390	0.000005365
-13385	0.0000020312
-13380	0.00000526
-13375	0.0000031251
-13370	0.0000014584
-13365	7.813e-7
-13360	0.0000011459
-13355	0.0000020833
-13350	0.0000025
-13345	0.000003906
-13340	0.0000010936
-13335	0.0000030209
-13330	3.645e-7
-13325	0.0000015104
-13320	0.0000014584
-13315	0.0000016147
-13310	2.6051e-7
-13305	0.0000021875
-13300	0.0000010936
-13295	0.0000012499
-13290	4.166e-7
-13285	0.00000401
-13280	0.000001823
-13275	0.0000015104
-13270	0.000003854
-13265	0.000003906
-13260	0.0000023438
-13255	0.0000011979
-13250	0.0000031251
-13245	0
-13240	3.1253e-7
-13235	0.0000015104
-13230	7.291e-7
-13225	6.771e-7
-13220	0.000002448
-13215	0.000003698
-13210	0
-13205	9.376e-7
-13200	0.000004844
-13195	2.0828e-7
-13190	0.0000016667
-13185	5.728e-7
-13180	0
-13175	0
-13170	2.6051e-7
-13165	1.5627e-7
-13160	4.688e-7
-13155	1.5627e-7
-13150	5.208e-7
-13145	0.0000029688
-13140	2.0828e-7
-13135	3.1253e-7
-13130	9.896e-7
-13125	0
-13120	0.0000031251
-13115	5.728e-7
-13110	0.000003802
-13105	7.813e-7
-13100	0
-13095	0.0000014584
-13090	3.645e-7
-13085	2.6051e-7
