-33060	0
-33055	0
-33050	0
-33045	5.2e-8
-33040	0
-33035	0
-33030	0
-33025	0
-33020	0
-33015	0
-33010	0
-33005	0
-33000	0
-32995	0
-32990	5.2e-8
-32985	0
-32980	0
-32975	0
-32970	0
-32965	0
-32960	0
-32955	0
-32950	0
-32945	0
-32940	0
-32935	0
-32930	0
-32925	0
-32920	0
-32915	0
-32910	0
-32905	0
-32900	0
-32895	0
-32890	0
-32885	5.2e-8
-32880	5.2e-8
-32875	0
-32870	0
-32865	0
-32860	5.2e-8
-32855	5.2e-8
-32850	0
-32845	0
-32840	0
-32835	0
-32830	1.0432e-7
-32825	0
-32820	0
-32815	0
-32810	0
-32805	0
-32800	0
-32795	0
-32790	0
-32785	0
-32780	5.2e-8
-32775	0
-32770	0
-32765	0
-32760	0
-32755	0
-32750	0
-32745	0
-32740	0
-32735	0
-32730	0
-32725	0
-32720	0
-32715	0
-32710	0
-32705	0
-32700	0
-32695	0
-32690	0
-32685	0
-32680	0
-32675	0
-32670	0
-32665	0
-32660	1.0401e-7
-32655	0
-32650	0
-32645	0
-32640	0
-32635	0
-32630	5.2e-8
-32625	5.2e-8
-32620	0
-32615	0
-32610	0
-32605	0
-32600	0
-32595	0
-32590	0
-32585	0
-32580	0
-32575	0
-32570	0
-32565	5.2e-8
-32560	5.2e-8
-32555	0
-32550	1.0401e-7
-32545	0
-32540	0
-32535	0
-32530	0
-32525	5.2e-8
-32520	0
-32515	5.2e-8
-32510	5.2e-8
-32505	0
-32500	0
-32495	0
-32490	0
-32485	5.2e-8
-32480	0
-32475	0
-32470	0
-32465	0
-32460	0
-32455	0
-32450	0
-32445	0
-32440	0
-32435	0
-32430	0
-32425	0
-32420	0
-32415	0
-32410	0
-32405	0
-32400	0
-32395	0
-32390	0
-32385	5.2e-8
-32380	0
-32375	0
-32370	5.2e-8
-32365	0
-32360	0
-32355	0
-32350	0
-32345	0
-32340	0
-32335	0
-32330	0
-32325	0
-32320	0
-32315	0
-32310	0
-32305	5.2e-8
-32300	0
-32295	0
-32290	0
-32285	0
-32280	0
-32275	0
-32270	0
-32265	0
-32260	0
-32255	0
-32250	0
-32245	0
-32240	0
-32235	0
-32230	0
-32225	0
-32220	0
-32215	0
-32210	0
-32205	0
-32200	0
-32195	0
-32190	0
-32185	5.2e-8
-32180	1.0401e-7
-32175	5.2e-8
-32170	0
-32165	5.2e-8
-32160	0
-32155	0
-32150	0
-32145	0
-32140	0
-32135	5.2e-8
-32130	0
-32125	0
-32120	0
-32115	0
-32110	5.2e-8
-32105	0
-32100	0
-32095	0
-32090	0
-32085	0
-32080	0
-32075	0
-32070	0
-32065	0
-32060	5.2e-8
-32055	0
-32050	0
-32045	0
-32040	0
-32035	0
-32030	0
-32025	0
-32020	0
-32015	0
-32010	0
-32005	5.2e-8
-32000	0
-31995	0
-31990	0
-31985	0
-31980	0
-31975	0
-31970	0
-31965	0
-31960	0
-31955	0
-31950	0
-31945	0
-31940	0
-31935	0
-31930	0
-31925	0
-31920	0
-31915	5.2e-8
-31910	0
-31905	0
-31900	0
-31895	0
-31890	0
-31885	0
-31880	0
-31875	0
-31870	5.2e-8
-31865	0
-31860	5.2e-8
-31855	0
-31850	0
-31845	0
-31840	0
-31835	5.2e-8
-31830	0
-31825	0
-31820	0
-31815	5.2e-8
-31810	0
-31805	0
-31800	0
-31795	0
-31790	0
-31785	0
-31780	0
-31775	0
-31770	0
-31765	0
-31760	5.2e-8
-31755	0
-31750	0
-31745	0
-31740	0
-31735	0
-31730	0
-31725	0
-31720	0
-31715	0
-31710	0
-31705	0
-31700	5.2e-8
-31695	0
-31690	0
-31685	0
-31680	0
-31675	5.2e-8
-31670	0
-31665	0
-31660	5.2e-8
-31655	0
-31650	5.2e-8
-31645	0
-31640	0
-31635	0
-31630	0
-31625	5.2e-8
-31620	0
-31615	0
-31610	5.2e-8
-31605	0
-31600	0
-31595	0
-31590	0
-31585	0
-31580	0
-31575	0
-31570	0
-31565	0
-31560	5.2e-8
-31555	0
-31550	0
-31545	0
-31540	0
-31535	0
-31530	0
-31525	5.2e-8
-31520	0
-31515	0
-31510	0
-31505	0
-31500	0
-31495	0
-31490	0
-31485	0
-31480	0
-31475	5.2e-8
-31470	0
-31465	0
-31460	0
-31455	0
-31450	0
-31445	0
-31440	0
-31435	5.2e-8
-31430	0
-31425	0
-31420	0
-31415	5.2e-8
-31410	0
-31405	0
-31400	0
-31395	0
-31390	5.2e-8
-31385	0
-31380	0
-31375	5.2e-8
-31370	0
-31365	0
-31360	0
-31355	0
-31350	5.2e-8
-31345	1.0432e-7
-31340	0
-31335	5.2e-8
-31330	5.2e-8
-31325	0
-31320	0
-31315	0
-31310	0
-31305	0
-31300	0
-31295	5.2e-8
-31290	0
-31285	5.2e-8
-31280	0
-31275	0
-31270	1.0432e-7
-31265	0
-31260	0
-31255	0
-31250	5.2e-8
-31245	5.2e-8
-31240	5.2e-8
-31235	0
-31230	1.0432e-7
-31225	0
-31220	0
-31215	0
-31210	1.0432e-7
-31205	0
-31200	0
-31195	0
-31190	0
-31185	5.2e-8
-31180	0
-31175	0
-31170	0
-31165	5.2e-8
-31160	0
-31155	0
-31150	5.2e-8
-31145	0
-31140	5.2e-8
-31135	0
-31130	0
-31125	0
-31120	0
-31115	0
-31110	0
-31105	0
-31100	5.2e-8
-31095	0
-31090	0
-31085	0
-31080	1.0432e-7
-31075	5.2e-8
-31070	0
-31065	5.2e-8
-31060	0
-31055	5.2e-8
-31050	0
-31045	0
-31040	0
-31035	0
-31030	5.2e-8
-31025	0
-31020	0
-31015	5.2e-8
-31010	0
-31005	5.2e-8
-31000	5.2e-8
-30995	5.2e-8
-30990	0
-30985	0
-30980	0
-30975	0
-30970	0
-30965	0
-30960	0
-30955	0
-30950	5.2e-8
-30945	0
-30940	5.2e-8
-30935	0
-30930	0
-30925	0
-30920	0
-30915	0
-30910	0
-30905	0
-30900	0
-30895	0
-30890	0
-30885	0
-30880	0
-30875	0
-30870	0
-30865	5.2e-8
-30860	0
-30855	0
-30850	0
-30845	0
-30840	5.2e-8
-30835	0
-30830	0
-30825	0
-30820	0
-30815	1.0432e-7
-30810	0
-30805	5.2e-8
-30800	5.2e-8
-30795	0
-30790	5.2e-8
-30785	0
-30780	5.2e-8
-30775	5.2e-8
-30770	0
-30765	0
-30760	0
-30755	0
-30750	1.0432e-7
-30745	0
-30740	0
-30735	5.2e-8
-30730	0
-30725	0
-30720	0
-30715	0
-30710	0
-30705	0
-30700	0
-30695	0
-30690	5.2e-8
-30685	0
-30680	5.2e-8
-30675	0
-30670	0
-30665	0
-30660	0
-30655	0
-30650	0
-30645	5.2e-8
-30640	1.0432e-7
-30635	5.2e-8
-30630	0
-30625	0
-30620	0
-30615	0
-30610	0
-30605	0
-30600	5.2e-8
-30595	0
-30590	5.2e-8
-30585	1.5632e-7
-30580	0
-30575	0
-30570	0
-30565	1.0432e-7
-30560	5.2e-8
-30555	0
-30550	0
-30545	0
-30540	1.0432e-7
-30535	0
-30530	0
-30525	5.2e-8
-30520	0
-30515	5.2e-8
-30510	5.2e-8
-30505	5.2e-8
-30500	0
-30495	0
-30490	5.2e-8
-30485	1.0401e-7
-30480	1.0432e-7
-30475	0
-30470	0
-30465	0
-30460	1.0401e-7
-30455	5.2e-8
-30450	0
-30445	0
-30440	0
-30435	5.2e-8
-30430	1.0401e-7
-30425	1.0432e-7
-30420	5.2e-8
-30415	0
-30410	0
-30405	5.2e-8
-30400	0
-30395	0
-30390	0
-30385	0
-30380	1.0432e-7
-30375	0
-30370	1.0432e-7
-30365	0
-30360	0
-30355	0
-30350	0
-30345	5.2e-8
-30340	0
-30335	0
-30330	5.2e-8
-30325	1.0432e-7
-30320	5.2e-8
-30315	0
-30310	0
-30305	0
-30300	5.2e-8
-30295	5.2e-8
-30290	0
-30285	0
-30280	0
-30275	5.2e-8
-30270	0
-30265	0
-30260	5.2e-8
-30255	1.0401e-7
-30250	5.2e-8
-30245	0
-30240	5.2e-8
-30235	5.2e-8
-30230	5.2e-8
-30225	5.2e-8
-30220	0
-30215	5.2e-8
-30210	5.2e-8
-30205	0
-30200	0
-30195	0
-30190	0
-30185	0
-30180	5.2e-8
-30175	0
-30170	0
-30165	0
-30160	0
-30155	5.2e-8
-30150	5.2e-8
-30145	0
-30140	5.2e-8
-30135	5.2e-8
-30130	0
-30125	5.2e-8
-30120	1.0432e-7
-30115	5.2e-8
-30110	1.0432e-7
-30105	1.0401e-7
-30100	0
-30095	0
-30090	5.2e-8
-30085	0
-30080	0
-30075	5.2e-8
-30070	5.2e-8
-30065	5.2e-8
-30060	0
-30055	5.2e-8
-30050	0
-30045	0
-30040	5.2e-8
-30035	5.2e-8
-30030	5.2e-8
-30025	5.2e-8
-30020	0
-30015	1.0432e-7
-30010	0
-30005	1.0432e-7
-30000	5.2e-8
-29995	1.5632e-7
-29990	0
-29985	5.2e-8
-29980	5.2e-8
-29975	5.2e-8
-29970	0
-29965	2.0833e-7
-29960	0
-29955	0
-29950	0
-29945	0
-29940	0
-29935	0
-29930	1.0432e-7
-29925	0
-29920	0
-29915	0
-29910	5.2e-8
-29905	0
-29900	0
-29895	5.2e-8
-29890	5.2e-8
-29885	5.2e-8
-29880	0
-29875	0
-29870	1.0432e-7
-29865	0
-29860	0
-29855	1.0432e-7
-29850	0
-29845	0
-29840	0
-29835	0
-29830	5.2e-8
-29825	0
-29820	1.0432e-7
-29815	0
-29810	1.0432e-7
-29805	0
-29800	0
-29795	5.2e-8
-29790	5.2e-8
-29785	0
-29780	5.2e-8
-29775	1.0432e-7
-29770	5.2e-8
-29765	0
-29760	0
-29755	0
-29750	0
-29745	5.2e-8
-29740	0
-29735	0
-29730	5.2e-8
-29725	0
-29720	5.2e-8
-29715	1.0432e-7
-29710	0
-29705	5.2e-8
-29700	0
-29695	0
-29690	5.2e-8
-29685	5.2e-8
-29680	0
-29675	0
-29670	5.2e-8
-29665	5.2e-8
-29660	1.0432e-7
-29655	0
-29650	5.2e-8
-29645	5.2e-8
-29640	0
-29635	5.2e-8
-29630	0
-29625	0
-29620	0
-29615	1.5632e-7
-29610	5.2e-8
-29605	5.2e-8
-29600	0
-29595	1.0401e-7
-29590	0
-29585	0
-29580	0
-29575	1.0401e-7
-29570	1.0401e-7
-29565	5.2e-8
-29560	0
-29555	5.2e-8
-29550	5.2e-8
-29545	1.5632e-7
-29540	5.2e-8
-29535	5.2e-8
-29530	5.2e-8
-29525	0
-29520	5.2e-8
-29515	1.5632e-7
-29510	0
-29505	5.2e-8
-29500	0
-29495	1.0401e-7
-29490	0
-29485	5.2e-8
-29480	0
-29475	5.2e-8
-29470	2.0833e-7
-29465	1.5632e-7
-29460	2.0833e-7
-29455	0
-29450	0
-29445	1.0432e-7
-29440	5.2e-8
-29435	0
-29430	0
-29425	0
-29420	1.0401e-7
-29415	0
-29410	5.2e-8
-29405	0
-29400	2.0833e-7
-29395	0
-29390	0
-29385	5.2e-8
-29380	0
-29375	0
-29370	0
-29365	0
-29360	0
-29355	0
-29350	5.2e-8
-29345	0
-29340	0
-29335	5.2e-8
-29330	1.0432e-7
-29325	0
-29320	1.0432e-7
-29315	5.2e-8
-29310	0
-29305	0
-29300	1.5632e-7
-29295	0
-29290	5.2e-8
-29285	5.2e-8
-29280	0
-29275	0
-29270	2.0833e-7
-29265	1.0432e-7
-29260	5.2e-8
-29255	2.0833e-7
-29250	5.2e-8
-29245	5.2e-8
-29240	1.0432e-7
-29235	5.2e-8
-29230	2.0833e-7
-29225	5.2e-8
-29220	0
-29215	5.2e-8
-29210	0
-29205	0
-29200	5.2e-8
-29195	0
-29190	0
-29185	5.2e-8
-29180	5.2e-8
-29175	5.2e-8
-29170	1.0432e-7
-29165	1.0432e-7
-29160	5.2e-8
-29155	0
-29150	5.2e-8
-29145	1.0401e-7
-29140	5.2e-8
-29135	0
-29130	0
-29125	1.0401e-7
-29120	5.2e-8
-29115	5.2e-8
-29110	5.2e-8
-29105	1.0432e-7
-29100	1.0401e-7
-29095	5.2e-8
-29090	0
-29085	1.0432e-7
-29080	0
-29075	0
-29070	0
-29065	1.0432e-7
-29060	2.0833e-7
-29055	1.0432e-7
-29050	1.5632e-7
-29045	1.0432e-7
-29040	1.0401e-7
-29035	5.2e-8
-29030	5.2e-8
-29025	1.0432e-7
-29020	5.2e-8
-29015	1.5632e-7
-29010	0
-29005	5.2e-8
-29000	1.0432e-7
-28995	1.5632e-7
-28990	1.5632e-7
-28985	1.0432e-7
-28980	5.2e-8
-28975	2.6033e-7
-28970	1.5632e-7
-28965	1.0432e-7
-28960	5.2e-8
-28955	0
-28950	0
-28945	2.0833e-7
-28940	1.0432e-7
-28935	1.5632e-7
-28930	1.5632e-7
-28925	1.0432e-7
-28920	2.0833e-7
-28915	5.2e-8
-28910	5.2e-8
-28905	1.0432e-7
-28900	1.5632e-7
-28895	1.0432e-7
-28890	1.0432e-7
-28885	5.2e-8
-28880	0
-28875	1.0432e-7
-28870	5.2e-8
-28865	0
-28860	1.0401e-7
-28855	1.0432e-7
-28850	1.5632e-7
-28845	1.5632e-7
-28840	1.0432e-7
-28835	1.5632e-7
-28830	5.2e-8
-28825	1.0432e-7
-28820	1.5632e-7
-28815	2.0833e-7
-28810	1.0401e-7
-28805	1.0401e-7
-28800	5.2e-8
-28795	1.5632e-7
-28790	0
-28785	2.0833e-7
-28780	1.0432e-7
-28775	1.0432e-7
-28770	1.5632e-7
-28765	1.0401e-7
-28760	2.0833e-7
-28755	5.2e-8
-28750	1.0401e-7
-28745	0
-28740	5.207e-7
-28735	1.0401e-7
-28730	0
-28725	5.2e-8
-28720	0
-28715	2.0833e-7
-28710	5.2e-8
-28705	2.0833e-7
-28700	0
-28695	5.2e-8
-28690	0
-28685	1.0432e-7
-28680	3.1233e-7
-28675	1.5632e-7
-28670	1.0432e-7
-28665	1.0401e-7
-28660	0
-28655	1.5632e-7
-28650	0
-28645	5.2e-8
-28640	1.0432e-7
-28635	1.0432e-7
-28630	2.0833e-7
-28625	5.2e-8
-28620	1.5632e-7
-28615	2.0833e-7
-28610	0
-28605	1.0401e-7
-28600	2.0833e-7
-28595	0
-28590	1.5632e-7
-28585	2.0833e-7
-28580	2.0833e-7
-28575	0
-28570	5.2e-8
-28565	2.0833e-7
-28560	1.0401e-7
-28555	2.0833e-7
-28550	0
-28545	2.0833e-7
-28540	0
-28535	5.2e-8
-28530	0
-28525	5.2e-8
-28520	1.5632e-7
-28515	5.2e-8
-28510	0
-28505	5.2e-8
-28500	1.0432e-7
-28495	2.0833e-7
-28490	5.2e-8
-28485	5.2e-8
-28480	1.0432e-7
-28475	2.6033e-7
-28470	5.2e-8
-28465	2.0833e-7
-28460	1.0432e-7
-28455	1.5632e-7
-28450	1.5632e-7
-28445	5.2e-8
-28440	2.6033e-7
-28435	1.0401e-7
-28430	1.5632e-7
-28425	2.6033e-7
-28420	5.2e-8
-28415	2.0833e-7
-28410	0
-28405	1.0401e-7
-28400	5.2e-8
-28395	1.0432e-7
-28390	1.0432e-7
-28385	0
-28380	1.5632e-7
-28375	1.5632e-7
-28370	2.6033e-7
-28365	1.5632e-7
-28360	3.1264e-7
-28355	1.5632e-7
-28350	1.5632e-7
-28345	3.1264e-7
-28340	1.0432e-7
-28335	1.5632e-7
-28330	1.0432e-7
-28325	1.0432e-7
-28320	1.5632e-7
-28315	5.2e-8
-28310	1.5632e-7
-28305	5.2e-8
-28300	1.0401e-7
-28295	1.0432e-7
-28290	2.0833e-7
-28285	5.2e-8
-28280	2.0833e-7
-28275	1.5632e-7
-28270	1.0401e-7
-28265	0
-28260	0
-28255	5.2e-8
-28250	1.5632e-7
-28245	5.2e-8
-28240	1.5632e-7
-28235	5.2e-8
-28230	1.0432e-7
-28225	2.0833e-7
-28220	2.6033e-7
-28215	5.2e-8
-28210	0
-28205	0
-28200	5.2e-8
-28195	2.6033e-7
-28190	1.5632e-7
-28185	5.2e-8
-28180	1.0401e-7
-28175	1.0432e-7
-28170	2.6033e-7
-28165	5.2e-8
-28160	1.5632e-7
-28155	5.2e-8
-28150	2.6033e-7
-28145	1.5632e-7
-28140	0
-28135	1.0432e-7
-28130	5.2e-8
-28125	1.5632e-7
-28120	5.2e-8
-28115	2.6033e-7
-28110	2.0833e-7
-28105	5.2e-8
-28100	3.1233e-7
-28095	5.2e-8
-28090	5.2e-8
-28085	3.1264e-7
-28080	5.2e-8
-28075	2.6033e-7
-28070	5.2e-8
-28065	2.0833e-7
-28060	1.5632e-7
-28055	1.0401e-7
-28050	2.0833e-7
-28045	5.2e-8
-28040	1.0401e-7
-28035	1.0432e-7
-28030	1.0432e-7
-28025	2.6033e-7
-28020	0
-28015	2.0833e-7
-28010	1.5632e-7
-28005	5.2e-8
-28000	1.5632e-7
-27995	2.0833e-7
-27990	5.2e-8
-27985	5.2e-8
-27980	5.2e-8
-27975	3.646e-7
-27970	5.2e-8
-27965	1.0432e-7
-27960	1.5632e-7
-27955	1.5632e-7
-27950	1.0432e-7
-27945	1.0432e-7
-27940	1.0432e-7
-27935	0
-27930	2.0833e-7
-27925	3.646e-7
-27920	5.2e-8
-27915	3.646e-7
-27910	1.0432e-7
-27905	2.6033e-7
-27900	2.0833e-7
-27895	1.0401e-7
-27890	1.0401e-7
-27885	2.6033e-7
-27880	1.5632e-7
-27875	1.0432e-7
-27870	5.2e-8
-27865	2.0833e-7
-27860	3.646e-7
-27855	5.2e-8
-27850	1.0432e-7
-27845	1.0401e-7
-27840	2.0833e-7
-27835	2.0833e-7
-27830	1.5632e-7
-27825	2.0833e-7
-27820	1.0432e-7
-27815	1.0432e-7
-27810	1.0432e-7
-27805	2.0833e-7
-27800	2.0833e-7
-27795	3.646e-7
-27790	2.6033e-7
-27785	2.0833e-7
-27780	1.5632e-7
-27775	5.2e-8
-27770	5.2e-8
-27765	1.5632e-7
-27760	2.0833e-7
-27755	1.0432e-7
-27750	1.0401e-7
-27745	1.5632e-7
-27740	3.646e-7
-27735	2.0833e-7
-27730	2.6033e-7
-27725	2.6033e-7
-27720	3.646e-7
-27715	2.6033e-7
-27710	1.0401e-7
-27705	2.6033e-7
-27700	4.167e-7
-27695	3.1233e-7
-27690	0
-27685	1.0432e-7
-27680	3.646e-7
-27675	4.687e-7
-27670	3.1264e-7
-27665	1.0432e-7
-27660	3.1264e-7
-27655	1.5632e-7
-27650	1.5632e-7
-27645	1.0432e-7
-27640	1.0432e-7
-27635	5.2e-8
-27630	2.6033e-7
-27625	2.0833e-7
-27620	2.6033e-7
-27615	2.6033e-7
-27610	2.6033e-7
-27605	3.646e-7
-27600	5.2e-8
-27595	2.0833e-7
-27590	0
-27585	1.5632e-7
-27580	2.0833e-7
-27575	3.1264e-7
-27570	3.646e-7
-27565	5.2e-8
-27560	2.6033e-7
-27555	2.6033e-7
-27550	3.646e-7
-27545	0
-27540	1.5632e-7
-27535	1.5632e-7
-27530	3.1264e-7
-27525	3.1264e-7
-27520	1.5632e-7
-27515	2.0833e-7
-27510	4.167e-7
-27505	2.6033e-7
-27500	1.0401e-7
-27495	1.0432e-7
-27490	1.0432e-7
-27485	5.2e-8
-27480	5.2e-8
-27475	2.6033e-7
-27470	1.5632e-7
-27465	2.6033e-7
-27460	3.1264e-7
-27455	4.687e-7
-27450	2.0833e-7
-27445	1.5632e-7
-27440	5.2e-8
-27435	2.6033e-7
-27430	3.646e-7
-27425	1.5632e-7
-27420	1.0432e-7
-27415	2.0833e-7
-27410	3.1264e-7
-27405	2.6033e-7
-27400	2.6033e-7
-27395	2.0833e-7
-27390	3.1264e-7
-27385	3.646e-7
-27380	3.646e-7
-27375	2.0833e-7
-27370	2.6033e-7
-27365	2.6033e-7
-27360	2.6033e-7
-27355	3.1264e-7
-27350	4.167e-7
-27345	3.1264e-7
-27340	4.167e-7
-27335	1.5632e-7
-27330	5.21e-7
-27325	2.6033e-7
-27320	1.5632e-7
-27315	4.687e-7
-27310	2.6033e-7
-27305	2.6033e-7
-27300	3.646e-7
-27295	2.0833e-7
-27290	3.1264e-7
-27285	4.687e-7
-27280	3.1264e-7
-27275	5.2e-8
-27270	1.5632e-7
-27265	2.0833e-7
-27260	1.0401e-7
-27255	3.646e-7
-27250	4.687e-7
-27245	3.1264e-7
-27240	3.1264e-7
-27235	2.0833e-7
-27230	6.25e-7
-27225	2.6033e-7
-27220	2.0833e-7
-27215	3.646e-7
-27210	5.2e-8
-27205	4.167e-7
-27200	2.0833e-7
-27195	1.5632e-7
-27190	1.5632e-7
-27185	1.0401e-7
-27180	3.1264e-7
-27175	4.687e-7
-27170	2.6033e-7
-27165	3.1264e-7
-27160	3.646e-7
-27155	5.21e-7
-27150	2.0833e-7
-27145	4.167e-7
-27140	2.0833e-7
-27135	4.167e-7
-27130	2.6033e-7
-27125	2.6033e-7
-27120	5.2e-8
-27115	2.6033e-7
-27110	2.0833e-7
-27105	1.0432e-7
-27100	3.646e-7
-27095	4.167e-7
-27090	3.646e-7
-27085	3.646e-7
-27080	4.167e-7
-27075	2.0833e-7
-27070	3.646e-7
-27065	3.646e-7
-27060	3.646e-7
-27055	3.1264e-7
-27050	2.0833e-7
-27045	2.0833e-7
-27040	5.73e-7
-27035	6.25e-7
-27030	4.167e-7
-27025	5.21e-7
-27020	5.73e-7
-27015	3.1233e-7
-27010	2.6033e-7
-27005	3.1264e-7
-27000	3.646e-7
-26995	4.687e-7
-26990	2.6033e-7
-26985	4.167e-7
-26980	4.687e-7
-26975	3.1233e-7
-26970	4.687e-7
-26965	4.687e-7
-26960	5.21e-7
-26955	3.1264e-7
-26950	4.167e-7
-26945	4.687e-7
-26940	6.25e-7
-26935	3.1264e-7
-26930	5.21e-7
-26925	2.0833e-7
-26920	4.167e-7
-26915	3.1264e-7
-26910	8.333e-7
-26905	6.25e-7
-26900	2.6033e-7
-26895	1.5632e-7
-26890	3.1233e-7
-26885	2.6033e-7
-26880	4.167e-7
-26875	2.6033e-7
-26870	1.5632e-7
-26865	2.6033e-7
-26860	1.0432e-7
-26855	6.25e-7
-26850	5.21e-7
-26845	5.73e-7
-26840	3.646e-7
-26835	1.5632e-7
-26830	5.73e-7
-26825	3.1264e-7
-26820	5.207e-7
-26815	7.293e-7
-26810	4.167e-7
-26805	1.5632e-7
-26800	4.687e-7
-26795	5.21e-7
-26790	4.687e-7
-26785	1.5632e-7
-26780	3.1264e-7
-26775	2.0833e-7
-26770	4.687e-7
-26765	2.0833e-7
-26760	4.167e-7
-26755	5.73e-7
-26750	5.21e-7
-26745	3.1264e-7
-26740	2.6033e-7
-26735	7.29e-7
-26730	6.25e-7
-26725	4.167e-7
-26720	5.21e-7
-26715	3.646e-7
-26710	4.167e-7
-26705	4.167e-7
-26700	3.646e-7
-26695	2.6033e-7
-26690	2.0833e-7
-26685	3.646e-7
-26680	6.77e-7
-26675	3.646e-7
-26670	5.73e-7
-26665	6.77e-7
-26660	3.1264e-7
-26655	3.1264e-7
-26650	3.1264e-7
-26645	4.167e-7
-26640	3.1264e-7
-26635	5.21e-7
-26630	2.0833e-7
-26625	2.0833e-7
-26620	4.167e-7
-26615	3.646e-7
-26610	2.6033e-7
-26605	5.207e-7
-26600	4.687e-7
-26595	4.687e-7
-26590	5.21e-7
-26585	3.646e-7
-26580	3.646e-7
-26575	5.207e-7
-26570	4.167e-7
-26565	5.207e-7
-26560	3.1233e-7
-26555	7.813e-7
-26550	7.293e-7
-26545	3.646e-7
-26540	5.73e-7
-26535	6.77e-7
-26530	1.5632e-7
-26525	4.687e-7
-26520	7.813e-7
-26515	4.167e-7
-26510	6.25e-7
-26505	4.687e-7
-26500	5.73e-7
-26495	2.6033e-7
-26490	6.25e-7
-26485	5.21e-7
-26480	4.687e-7
-26475	3.646e-7
-26470	5.21e-7
-26465	4.687e-7
-26460	6.25e-7
-26455	3.646e-7
-26450	9.376e-7
-26445	9.896e-7
-26440	5.21e-7
-26435	5.73e-7
-26430	7.293e-7
-26425	4.167e-7
-26420	5.73e-7
-26415	7.293e-7
-26410	6.25e-7
-26405	6.25e-7
-26400	4.167e-7
-26395	7.813e-7
-26390	3.646e-7
-26385	7.813e-7
-26380	3.1233e-7
-26375	2.6033e-7
-26370	4.167e-7
-26365	7.813e-7
-26360	7.293e-7
-26355	5.73e-7
-26350	4.687e-7
-26345	7.293e-7
-26340	3.646e-7
-26335	3.646e-7
-26330	4.687e-7
-26325	5.73e-7
-26320	4.687e-7
-26315	2.6033e-7
-26310	5.73e-7
-26305	5.73e-7
-26300	4.167e-7
-26295	7.293e-7
-26290	5.73e-7
-26285	5.2e-8
-26280	5.21e-7
-26275	5.21e-7
-26270	2.0833e-7
-26265	4.687e-7
-26260	4.687e-7
-26255	3.646e-7
-26250	5.73e-7
-26245	5.207e-7
-26240	4.687e-7
-26235	5.21e-7
-26230	6.25e-7
-26225	8.853e-7
-26220	6.77e-7
-26215	4.167e-7
-26210	5.73e-7
-26205	6.77e-7
-26200	6.77e-7
-26195	6.25e-7
-26190	4.167e-7
-26185	6.77e-7
-26180	5.21e-7
-26175	4.687e-7
-26170	4.167e-7
-26165	3.646e-7
-26160	6.77e-7
-26155	0.0000010936
-26150	6.25e-7
-26145	7.813e-7
-26140	4.687e-7
-26135	6.77e-7
-26130	4.167e-7
-26125	4.167e-7
-26120	7.293e-7
-26115	6.25e-7
-26110	8.853e-7
-26105	4.687e-7
-26100	4.687e-7
-26095	7.29e-7
-26090	4.687e-7
-26085	7.293e-7
-26080	6.25e-7
-26075	6.25e-7
-26070	5.73e-7
-26065	5.21e-7
-26060	0.0000010936
-26055	9.376e-7
-26050	7.813e-7
-26045	5.73e-7
-26040	8.333e-7
-26035	6.25e-7
-26030	6.77e-7
-26025	6.77e-7
-26020	9.376e-7
-26015	7.293e-7
-26010	8.853e-7
-26005	0.0000010936
-26000	0.0000010416
-25995	3.1264e-7
-25990	0.0000011979
-25985	0.0000010416
-25980	7.813e-7
-25975	9.896e-7
-25970	6.25e-7
-25965	7.813e-7
-25960	6.77e-7
-25955	5.73e-7
-25950	7.293e-7
-25945	8.333e-7
-25940	0.0000011979
-25935	6.77e-7
-25930	6.77e-7
-25925	7.293e-7
-25920	0.000001302
-25915	6.77e-7
-25910	9.376e-7
-25905	8.333e-7
-25900	0.0000010416
-25895	8.853e-7
-25890	5.73e-7
-25885	6.25e-7
-25880	0.0000010416
-25875	0.0000011459
-25870	5.73e-7
-25865	4.167e-7
-25860	7.813e-7
-25855	8.853e-7
-25850	0.00000125
-25845	5.73e-7
-25840	7.293e-7
-25835	4.687e-7
-25830	6.25e-7
-25825	7.293e-7
-25820	8.853e-7
-25815	0.0000010936
-25810	6.77e-7
-25805	6.77e-7
-25800	7.293e-7
-25795	8.333e-7
-25790	7.813e-7
-25785	6.25e-7
-25780	0.0000010936
-25775	3.646e-7
-25770	7.293e-7
-25765	7.813e-7
-25760	9.896e-7
-25755	9.896e-7
-25750	8.333e-7
-25745	8.333e-7
-25740	0.0000010936
-25735	8.853e-7
-25730	0.0000010936
-25725	7.813e-7
-25720	7.813e-7
-25715	8.853e-7
-25710	7.293e-7
-25705	0.0000011979
-25700	9.896e-7
-25695	0.0000010416
-25690	7.293e-7
-25685	8.333e-7
-25680	6.77e-7
-25675	7.29e-7
-25670	0.0000011459
-25665	0.0000010416
-25660	5.73e-7
-25655	7.813e-7
-25650	7.813e-7
-25645	6.25e-7
-25640	7.813e-7
-25635	3.646e-7
-25630	0.0000010416
-25625	8.333e-7
-25620	0.0000014063
-25615	0.0000011459
-25610	8.853e-7
-25605	9.896e-7
-25600	6.77e-7
-25595	8.333e-7
-25590	7.293e-7
-25585	0.0000011459
-25580	5.73e-7
-25575	0.00000125
-25570	0.0000014063
-25565	0.0000010936
-25560	8.333e-7
-25555	7.29e-7
-25550	0.0000010416
-25545	0.0000011459
-25540	0.0000011459
-25535	8.853e-7
-25530	9.376e-7
-25525	0.000001302
-25520	0.000001302
-25515	0.00000125
-25510	8.853e-7
-25505	8.333e-7
-25500	6.77e-7
-25495	9.896e-7
-25490	0.0000011979
-25485	0.0000010936
-25480	9.896e-7
-25475	0.0000011979
-25470	0.0000010416
-25465	0.0000011979
-25460	9.376e-7
-25455	9.376e-7
-25450	0.0000011979
-25445	0.0000011979
-25440	0.0000010416
-25435	6.25e-7
-25430	0.0000015103
-25425	0.0000010936
-25420	0.0000010416
-25415	8.853e-7
-25410	6.77e-7
-25405	8.853e-7
-25400	8.853e-7
-25395	0.0000014583
-25390	9.376e-7
-25385	0.0000010416
-25380	0.0000010416
-25375	0.000001302
-25370	0.0000010416
-25365	8.853e-7
-25360	0.0000010416
-25355	0.0000011979
-25350	7.813e-7
-25345	0.000001302
-25340	0.0000011979
-25335	0.0000010416
-25330	0.0000010416
-25325	0.0000014063
-25320	0.0000015626
-25315	0.0000011459
-25310	0.0000011979
-25305	7.293e-7
-25300	0.0000011979
-25295	0.000001302
-25290	0.0000011979
-25285	0.0000010416
-25280	7.29e-7
-25275	9.896e-7
-25270	9.896e-7
-25265	0.0000010936
-25260	0.0000010416
-25255	8.333e-7
-25250	0.0000011979
-25245	0.0000015103
-25240	0.0000011459
-25235	0.0000018229
-25230	9.376e-7
-25225	0.0000010936
-25220	0.0000014063
-25215	0.000001354
-25210	0.0000013543
-25205	0.000001302
-25200	0.0000013543
-25195	0.0000014063
-25190	0.0000011979
-25185	0.0000015626
-25180	0.0000011979
-25175	0.0000017186
-25170	0.000001354
-25165	0.0000011979
-25160	0.0000014063
-25155	0.0000010416
-25150	0.0000015103
-25145	0.0000010936
-25140	0.0000014583
-25135	9.373e-7
-25130	0.0000016146
-25125	0.0000011979
-25120	0.0000011459
-25115	0.0000010936
-25110	7.813e-7
-25105	0.00000125
-25100	0.0000011459
-25095	0.0000013543
-25090	0.0000010416
-25085	0.00000125
-25080	0.0000015626
-25075	0.00000125
-25070	0.0000014583
-25065	0.0000015626
-25060	9.376e-7
-25055	0.0000019792
-25050	0.0000010416
-25045	0.0000016666
-25040	0.0000013543
-25035	0.000001302
-25030	0.0000014583
-25025	0.000001302
-25020	0.0000016666
-25015	0.0000011459
-25010	0.0000011459
-25005	0.0000017186
-25000	0.0000014063
-24995	0.0000019792
-24990	9.373e-7
-24985	9.896e-7
-24980	0.0000015626
-24975	0.0000018229
-24970	0.000001302
-24965	0.0000016666
-24960	0.0000018229
-24955	0.0000016146
-24950	0.000001354
-24945	0.00000125
-24940	0.0000014063
-24935	0.000001302
-24930	0.00000125
-24925	0.000001302
-24920	0.0000011979
-24915	0.0000015626
-24910	0.0000018229
-24905	0.0000013543
-24900	0.0000018229
-24895	0.0000017186
-24890	0.000001302
-24885	0.00000125
-24880	0.000001302
-24875	0.0000020312
-24870	0.0000015103
-24865	0.0000011979
-24860	0.0000018229
-24855	0.0000015626
-24850	0.0000017709
-24845	0.0000013543
-24840	0.0000023959
-24835	8.853e-7
-24830	0.0000010936
-24825	0.0000022916
-24820	0.0000015103
-24815	0.0000011979
-24810	0.00000125
-24805	0.0000014583
-24800	0.0000014063
-24795	0.0000015103
-24790	0.000001302
-24785	0.0000014583
-24780	0.0000028646
-24775	0.0000016666
-24770	0.0000018229
-24765	0.0000015626
-24760	0.0000017186
-24755	0.0000015103
-24750	0.0000015626
-24745	0.0000017186
-24740	0.0000014063
-24735	0.0000017186
-24730	0.0000016146
-24725	0.0000018229
-24720	0.0000019792
-24715	0.0000019269
-24710	0.0000015103
-24705	0.0000016146
-24700	0.0000016666
-24695	0.0000022396
-24690	0.0000017709
-24685	0.0000011456
-24680	0.0000016146
-24675	0.0000017709
-24670	0.0000015626
-24665	0.0000017186
-24660	0.0000014583
-24655	0.0000021876
-24650	0.0000018229
-24645	0.0000015626
-24640	0.0000019269
-24635	0.0000018229
-24630	0.0000020833
-24625	0.0000021353
-24620	0.0000016666
-24615	0.0000015103
-24610	0.0000017709
-24605	0.0000020312
-24600	0.000001302
-24595	0.0000016666
-24590	0.0000020833
-24585	0.0000015626
-24580	0.0000021353
-24575	0.0000018229
-24570	0.0000020833
-24565	0.0000015626
-24560	0.0000020312
-24555	0.0000019792
-24550	0.0000025519
-24545	0.0000014583
-24540	0.0000016146
-24535	0.0000014583
-24530	0.0000015626
-24525	0.0000016666
-24520	0.0000015103
-24515	0.0000021353
-24510	0.0000017186
-24505	0.0000024479
-24500	0.0000017186
-24495	0.00000125
-24490	0.0000021353
-24485	0.0000019269
-24480	0.0000017186
-24475	0.00000125
-24470	0.0000017706
-24465	0.0000022916
-24460	0.00000125
-24455	0.0000015103
-24450	0.0000017709
-24445	0.0000021876
-24440	0.0000018229
-24435	0.0000021876
-24430	0.0000022396
-24425	0.0000019792
-24420	0.0000018229
-24415	0.0000011459
-24410	0.0000018749
-24405	0.0000017706
-24400	0.0000014583
-24395	0.0000019269
-24390	0.0000023436
-24385	0.0000017709
-24380	0.0000022396
-24375	0.0000024479
-24370	0.0000022396
-24365	0.0000020312
-24360	0.0000016666
-24355	0.0000016666
-24350	0.0000016666
-24345	0.0000026562
-24340	0.0000023959
-24335	0.0000021353
-24330	0.0000020833
-24325	0.0000020833
-24320	0.0000022916
-24315	0.0000018229
-24310	0.0000020312
-24305	0.0000023436
-24300	0.0000024999
-24295	0.0000019792
-24290	0.0000027602
-24285	0.0000023436
-24280	0.0000016666
-24275	0.0000016666
-24270	0.0000021353
-24265	0.0000028125
-24260	0.0000024479
-24255	0.0000029686
-24250	0.0000022916
-24245	0.0000023436
-24240	0.0000021353
-24235	0.0000017709
-24230	0.0000021353
-24225	0.0000022396
-24220	0.0000021876
-24215	0.0000019792
-24210	0.0000018749
-24205	0.0000018229
-24200	0.0000024479
-24195	0.0000019792
-24190	0.0000029686
-24185	0.0000023959
-24180	0.0000020833
-24175	0.0000023436
-24170	0.0000026562
-24165	0.0000026562
-24160	0.0000027602
-24155	0.0000023436
-24150	0.0000019269
-24145	0.00000349
-24140	0.0000021876
-24135	0.0000021353
-24130	0.0000024999
-24125	0.000003438
-24120	0.0000027602
-24115	0.0000021876
-24110	0.0000016146
-24105	0.0000029686
-24100	0.0000021876
-24095	0.0000021876
-24090	0.0000025519
-24085	0.0000029686
-24080	0.0000026042
-24075	0.0000026042
-24070	0.000003177
-24065	0.0000024999
-24060	0.0000030729
-24055	0.0000022916
-24050	0.0000024999
-24045	0.0000026562
-24040	0.0000023959
-24035	0.0000024999
-24030	0.0000023436
-24025	0.0000023959
-24020	0.0000023959
-24015	0.0000026042
-24010	0.0000022916
-24005	0.000003594
-24000	0.0000028125
-23995	0.0000026042
-23990	0.0000030209
-23985	0.0000027082
-23980	0.000003177
-23975	0.0000026042
-23970	0.000003281
-23965	0.000003698
-23960	0.0000027082
-23955	0.0000021876
-23950	0.0000026562
-23945	0.0000028125
-23940	0.000003385
-23935	0.0000031249
-23930	0.0000022916
-23925	0.0000031249
-23920	0.00000401
-23915	0.0000026042
-23910	0.0000024479
-23905	0.000003542
-23900	0.0000030209
-23895	0.0000023959
-23890	0.0000023959
-23885	0.0000023959
-23880	0.0000022916
-23875	0.0000026562
-23870	0.000003802
-23865	0.0000027602
-23860	0.0000028125
-23855	0.0000031249
-23850	0.000003438
-23845	0.0000026042
-23840	0.000003438
-23835	0.0000026042
-23830	0.000003177
-23825	0.0000023959
-23820	0.0000025519
-23815	0.0000031249
-23810	0.0000027602
-23805	0.0000030729
-23800	0.0000031249
-23795	0.000003333
-23790	0.0000031249
-23785	0.0000028646
-23780	0.0000028646
-23775	0.000003542
-23770	0.0000028125
-23765	0.0000029166
-23760	0.0000027082
-23755	0.000003333
-23750	0.000003333
-23745	0.000003333
-23740	0.00000375
-23735	0.000003438
-23730	0.00000349
-23725	0.0000031249
-23720	0.000003281
-23715	0.000004062
-23710	0.0000027602
-23705	0.000003333
-23700	0.000003438
-23695	0.000003698
-23690	0.000003438
-23685	0.000003177
-23680	0.0000030209
-23675	0.000004115
-23670	0.000003594
-23665	0.0000031249
-23660	0.000003698
-23655	0.0000031249
-23650	0.00000349
-23645	0.000003385
-23640	0.000003802
-23635	0.000003438
-23630	0.000003542
-23625	0.0000031249
-23620	0.000004062
-23615	0.0000031249
-23610	0.000003281
-23605	0.0000021353
-23600	0.000003906
-23595	0.000003542
-23590	0.000003854
-23585	0.0000029686
-23580	0.000003281
-23575	0.000003385
-23570	0.000003385
-23565	0.000003958
-23560	0.00000401
-23555	0.000004739
-23550	0.000004427
-23545	0.000004375
-23540	0.000004531
-23535	0.000004062
-23530	0.000003594
-23525	0.00000349
-23520	0.000004271
-23515	0.0000030209
-23510	0.00000401
-23505	0.000004062
-23500	0.0000031249
-23495	0.00000349
-23490	0.000003854
-23485	0.000003906
-23480	0.000004167
-23475	0.000003385
-23470	0.000003646
-23465	0.000004219
-23460	0.000004219
-23455	0.000003594
-23450	0.00000375
-23445	0.000004062
-23440	0.000003698
-23435	0.000004427
-23430	0.000004219
-23425	0.000003906
-23420	0.000003281
-23415	0.000004948
-23410	0.00000401
-23405	0.000004479
-23400	0.0000030729
-23395	0.00000349
-23390	0.000005052
-23385	0.000003958
-23380	0.000004479
-23375	0.000004739
-23370	0.00000349
-23365	0.000004271
-23360	0.000004167
-23355	0.000004635
-23350	0.000004323
-23345	0.000003229
-23340	0.000004843
-23335	0.000004375
-23330	0.000003958
-23325	0.000004479
-23320	0.000003958
-23315	0.00000401
-23310	0.000003802
-23305	0.000004531
-23300	0.000003542
-23295	0.000004427
-23290	0.00000526
-23285	0.000004531
-23280	0.000004427
-23275	0.000005104
-23270	0.000004843
-23265	0.000004167
-23260	0.000004687
-23255	0.000004323
-23250	0.000004948
-23245	0.000004427
-23240	0.000005833
-23235	0.000004219
-23230	0.000003698
-23225	0.000003542
-23220	0.000005729
-23215	0.000004219
-23210	0.000003958
-23205	0.000004323
-23200	0.000004167
-23195	0.000004115
-23190	0.000004062
-23185	0.00000552
-23180	0.000005052
-23175	0.000004687
-23170	0.000005416
-23165	0.000005208
-23160	0.000004583
-23155	0.000005052
-23150	0.000004427
-23145	0.000005156
-23140	0.000005573
-23135	0.000005104
-23130	0.000005156
-23125	0.000004583
-23120	0.000005937
-23115	0.000005052
-23110	0.000005104
-23105	0.000003698
-23100	0.000004583
-23095	0.000005781
-23090	0.000004687
-23085	0.000005521
-23080	0.000004583
-23075	0.00000526
-23070	0.000005208
-23065	0.000005052
-23060	0.000004219
-23055	0.000005208
-23050	0.000004687
-23045	0.000004479
-23040	0.000004635
-23035	0.000004531
-23030	0.000004583
-23025	0.000004948
-23020	0.000005312
-23015	0.000004062
-23010	0.000005573
-23005	0.000005989
-23000	0.000004687
-22995	0.000005312
-22990	0.000004948
-22985	0.000004479
-22980	0.000006198
-22975	0.000005521
-22970	0.000005885
-22965	0.000005468
-22960	0.000004323
-22955	0.00000526
-22950	0.000005573
-22945	0.000005937
-22940	0.00000401
-22935	0.000005104
-22930	0.000005573
-22925	0.000006406
-22920	0.000004635
-22915	0.000005312
-22910	0.000005833
-22905	0.000005208
-22900	0.000005677
-22895	0.000006041
-22890	0.00000526
-22885	0.000004948
-22880	0.000005573
-22875	0.000004739
-22870	0.000004896
-22865	0.00000651
-22860	0.000006094
-22855	0.000005416
-22850	0.000006146
-22845	0.000005625
-22840	0.000004896
-22835	0.000005312
-22830	0.000005677
-22825	0.000006927
-22820	0.000005312
-22815	0.000006354
-22810	0.000005416
-22805	0.000006146
-22800	0.000006198
-22795	0.000006771
-22790	0.000005833
-22785	0.000006354
-22780	0.00000651
-22775	0.000005937
-22770	0.000005989
-22765	0.000005885
-22760	0.000006198
-22755	0.000006458
-22750	0.000006562
-22745	0.000007083
-22740	0.000005781
-22735	0.000005677
-22730	0.000007083
-22725	0.000006145
-22720	0.000005885
-22715	0.000007552
-22710	0.000006146
-22705	0.000005729
-22700	0.000006718
-22695	0.00000625
-22690	0.00000651
-22685	0.000006302
-22680	0.000006302
-22675	0.000005469
-22670	0.000007291
-22665	0.000006354
-22660	0.000007708
-22655	0.000007031
-22650	0.00000625
-22645	0.000006719
-22640	0.00000625
-22635	0.000007344
-22630	0.00000651
-22625	0.000005833
-22620	0.000007291
-22615	0.000006823
-22610	0.000006146
-22605	0.000008177
-22600	0.000007187
-22595	0.000006979
-22590	0.000006666
-22585	0.000006927
-22580	0.000006146
-22575	0.000007291
-22570	0.000007343
-22565	0.000007344
-22560	0.000006979
-22555	0.000006718
-22550	0.0000075
-22545	0.0000075
-22540	0.000007031
-22535	0.000006666
-22530	0.000008385
-22525	0.000007291
-22520	0.000007552
-22515	0.000006406
-22510	0.000007187
-22505	0.00000776
-22500	0.000007656
-22495	0.000008021
-22490	0.000006927
-22485	0.000007396
-22480	0.000009323
-22475	0.000008646
-22470	0.000007552
-22465	0.000007864
-22460	0.000007552
-22455	0.00000625
-22450	0.000008333
-22445	0.000008541
-22440	0.000008281
-22435	0.000007187
-22430	0.000006302
-22425	0.000008021
-22420	0.000007187
-22415	0.000006927
-22410	0.000009062
-22405	0.000007396
-22400	0.000007864
-22395	0.000008698
-22390	0.000008281
-22385	0.000008906
-22380	0.000008646
-22375	0.000008646
-22370	0.000007864
-22365	0.000006719
-22360	0.000005885
-22355	0.000007656
-22350	0.000008802
-22345	0.000009531
-22340	0.000007135
-22335	0.000008229
-22330	0.000008333
-22325	0.000007708
-22320	0.000008593
-22315	0.000007552
-22310	0.000008385
-22305	0.000008229
-22300	0.000008489
-22295	0.0000075
-22290	0.000007031
-22285	0.000009531
-22280	0.000009739
-22275	0.000007916
-22270	0.000008906
-22265	0.000008698
-22260	0.000009166
-22255	0.000008229
-22250	0.000009114
-22245	0.000007917
-22240	0.000009791
-22235	0.00001
-22230	0.000008229
-22225	0.000008125
-22220	0.000009687
-22215	0.000008073
-22210	0.000007812
-22205	0.000009427
-22200	0.000009791
-22195	0.000009791
-22190	0.00000776
-22185	0.000010677
-22180	0.000008229
-22175	0.000008281
-22170	0.00000901
-22165	0.000010521
-22160	0.000010989
-22155	0.000008541
-22150	0.000008646
-22145	0.000010312
-22140	0.000010416
-22135	0.000009166
-22130	0.00001125
-22125	0.000010208
-22120	0.00001026
-22115	0.000009167
-22110	0.000009531
-22105	0.000009479
-22100	0.000008594
-22095	0.000008906
-22090	0.000008385
-22085	0.000010521
-22080	0.000009479
-22075	0.000010521
-22070	0.000009896
-22065	0.000010052
-22060	0.000009531
-22055	0.000010052
-22050	0.000008958
-22045	0.000009219
-22040	0.000010885
-22035	0.000009635
-22030	0.000010364
-22025	0.000010781
-22020	0.00001151
-22015	0.000009948
-22010	0.000009791
-22005	0.000009687
-22000	0.000009531
-21995	0.000010052
-21990	0.000009427
-21985	0.000010937
-21980	0.000010521
-21975	0.000010052
-21970	0.000009375
-21965	0.000009635
-21960	0.000010521
-21955	0.000010677
-21950	0.000011302
-21945	0.000009687
-21940	0.000009896
-21935	0.000008854
-21930	0.00001026
-21925	0.00001125
-21920	0.000011146
-21915	0.00001
-21910	0.000009896
-21905	0.000010885
-21900	0.000009531
-21895	0.000010677
-21890	0.000010104
-21885	0.000011719
-21880	0.000010156
-21875	0.000009427
-21870	0.000010833
-21865	0.000009844
-21860	0.000011719
-21855	0.000012604
-21850	0.000010312
-21845	0.000012968
-21840	0.000011979
-21835	0.000011614
-21830	0.000010937
-21825	0.000011302
-21820	0.000011719
-21815	0.000010416
-21810	0.000010677
-21805	0.000011302
-21800	0.000011666
-21795	0.00001151
-21790	0.000011979
-21785	0.000011302
-21780	0.000012396
-21775	0.000012968
-21770	0.000012552
-21765	0.000012864
-21760	0.000011198
-21755	0.000012396
-21750	0.000012812
-21745	0.000012656
-21740	0.000012083
-21735	0.000011927
-21730	0.000010677
-21725	0.000012812
-21720	0.000013958
-21715	0.000011562
-21710	0.000014635
-21705	0.000011979
-21700	0.000013072
-21695	0.000012968
-21690	0.000012708
-21685	0.000013697
-21680	0.000012968
-21675	0.000011875
-21670	0.000011041
-21665	0.0000125
-21660	0.000012864
-21655	0.0000125
-21650	0.000011614
-21645	0.000014374
-21640	0.000012656
-21635	0.000014062
-21630	0.000013854
-21625	0.000012916
-21620	0.00001302
-21615	0.000012135
-21610	0.000013124
-21605	0.00001302
-21600	0.000013333
-21595	0.000013177
-21590	0.000015052
-21585	0.000014531
-21580	0.000014375
-21575	0.000012968
-21570	0.000013489
-21565	0.000013593
-21560	0.00001552
-21555	0.000014114
-21550	0.000014895
-21545	0.000016041
-21540	0.000013593
-21535	0.000013073
-21530	0.00001302
-21525	0.000014531
-21520	0.000015
-21515	0.000014635
-21510	0.00001552
-21505	0.000013281
-21500	0.000015052
-21495	0.000012239
-21490	0.000015729
-21485	0.000017395
-21480	0.000014791
-21475	0.000014843
-21470	0.000013749
-21465	0.000014427
-21460	0.000013333
-21455	0.00001302
-21450	0.000014947
-21445	0.000015
-21440	0.000012916
-21435	0.000014426
-21430	0.000013958
-21425	0.000014739
-21420	0.000014999
-21415	0.000015833
-21410	0.000018854
-21405	0.000014635
-21400	0.000016562
-21395	0.000016458
-21390	0.000015416
-21385	0.000014531
-21380	0.000018177
-21375	0.00001401
-21370	0.000014687
-21365	0.000017968
-21360	0.000016406
-21355	0.000016875
-21350	0.000015364
-21345	0.000015364
-21340	0.000015104
-21335	0.000017395
-21330	0.000016354
-21325	0.000018802
-21320	0.000017916
-21315	0.000018802
-21310	0.000015833
-21305	0.000014843
-21300	0.000018125
-21295	0.000016041
-21290	0.000013749
-21285	0.000017343
-21280	0.000016406
-21275	0.000015885
-21270	0.000017708
-21265	0.000019218
-21260	0.0000175
-21255	0.000017552
-21250	0.000014166
-21245	0.000018802
-21240	0.000016406
-21235	0.000018489
-21230	0.00001875
-21225	0.000018593
-21220	0.000017395
-21215	0.000018281
-21210	0.000018072
-21205	0.000018854
-21200	0.000017083
-21195	0.000019531
-21190	0.000021666
-21185	0.00001625
-21180	0.000017604
-21175	0.000017395
-21170	0.000015468
-21165	0.000017031
-21160	0.000017968
-21155	0.000020833
-21150	0.000018802
-21145	0.000018802
-21140	0.000018437
-21135	0.000017916
-21130	0.000017135
-21125	0.000019323
-21120	0.000018177
-21115	0.00002026
-21110	0.000020208
-21105	0.00001802
-21100	0.000018281
-21095	0.000019843
-21090	0.000018385
-21085	0.000019218
-21080	0.000021249
-21075	0.000020364
-21070	0.000019948
-21065	0.000021249
-21060	0.000019375
-21055	0.000020937
-21050	0.00001927
-21045	0.000021562
-21040	0.000018698
-21035	0.000021249
-21030	0.00002
-21025	0.000017343
-21020	0.000019947
-21015	0.000020572
-21010	0.000019739
-21005	0.000021874
-21000	0.000018281
-20995	0.000021041
-20990	0.000021301
-20985	0.000019531
-20980	0.000021718
-20975	0.000019843
-20970	0.000020052
-20965	0.000021926
-20960	0.000021822
-20955	0.000022603
-20950	0.000019323
-20945	0.000020156
-20940	0.000021874
-20935	0.000019791
-20930	0.000022239
-20925	0.000020364
-20920	0.000022031
-20915	0.000022135
-20910	0.000021353
-20905	0.00002276
-20900	0.000022395
-20895	0.000024739
-20890	0.000022551
-20885	0.00002203
-20880	0.000020625
-20875	0.000023958
-20870	0.00002401
-20865	0.000023176
-20860	0.000025208
-20855	0.000021562
-20850	0.000022395
-20845	0.000022916
-20840	0.000021718
-20835	0.000025208
-20830	0.00002302
-20825	0.000020729
-20820	0.000022239
-20815	0.000025468
-20810	0.000021874
-20805	0.000024426
-20800	0.000026041
-20795	0.000026197
-20790	0.000023749
-20785	0.000027916
-20780	0.000022447
-20775	0.000022812
-20770	0.000024635
-20765	0.000025416
-20760	0.000021978
-20755	0.000023176
-20750	0.000027239
-20745	0.000024843
-20740	0.000023332
-20735	0.000024843
-20730	0.000022395
-20725	0.000021718
-20720	0.000025468
-20715	0.000024166
-20710	0.000023437
-20705	0.000026666
-20700	0.000024999
-20695	0.000026197
-20690	0.000026249
-20685	0.000027135
-20680	0.000025416
-20675	0.000024895
-20670	0.000023906
-20665	0.000025989
-20660	0.000026666
-20655	0.000027655
-20650	0.000026197
-20645	0.000028749
-20640	0.000027708
-20635	0.000029114
-20630	0.000027603
-20625	0.000028958
-20620	0.000025624
-20615	0.00002677
-20610	0.000028645
-20605	0.000029114
-20600	0.000027447
-20595	0.000026562
-20590	0.000028489
-20585	0.000028645
-20580	0.000030676
-20575	0.000028385
-20570	0.000030312
-20565	0.000027864
-20560	0.00002953
-20555	0.000029843
-20550	0.000026978
-20545	0.000029374
-20540	0.000027707
-20535	0.000027083
-20530	0.000028228
-20525	0.000029739
-20520	0.000028958
-20515	0.000031249
-20510	0.000025624
-20505	0.000029947
-20500	0.00002927
-20495	0.00002802
-20490	0.000028333
-20485	0.00003182
-20480	0.000030884
-20475	0.000029635
-20470	0.000030728
-20465	0.000030207
-20460	0.00003245
-20455	0.000027916
-20450	0.000029218
-20445	0.000030155
-20440	0.00003422
-20435	0.000030728
-20430	0.00003234
-20425	0.000030468
-20420	0.000029687
-20415	0.000031249
-20410	0.000030364
-20405	0.00003208
-20400	0.000030103
-20395	0.00003255
-20390	0.00003177
-20385	0.00003203
-20380	0.00003344
-20375	0.00003323
-20370	0.000031093
-20365	0.000030259
-20360	0.00003469
-20355	0.000030207
-20350	0.00003078
-20345	0.00003292
-20340	0.000030312
-20335	0.00003307
-20330	0.00003276
-20325	0.00003229
-20320	0.0000325
-20315	0.000031249
-20310	0.000031614
-20305	0.000030676
-20300	0.00003224
-20295	0.00003385
-20290	0.0000363
-20285	0.00003604
-20280	0.00003213
-20275	0.00003354
-20270	0.00003193
-20265	0.00003588
-20260	0.00003614
-20255	0.00003568
-20250	0.00003255
-20245	0.00003411
-20240	0.00003672
-20235	0.00003489
-20230	0.00003646
-20225	0.000031457
-20220	0.00003552
-20215	0.00003578
-20210	0.0000376
-20205	0.00003542
-20200	0.00003312
-20195	0.0000324
-20190	0.0000375
-20185	0.00003625
-20180	0.00003578
-20175	0.00003864
-20170	0.00003859
-20165	0.00003661
-20160	0.00003333
-20155	0.00003802
-20150	0.00003719
-20145	0.00003724
-20140	0.00003682
-20135	0.00003875
-20130	0.00003797
-20125	0.00003781
-20120	0.00003708
-20115	0.00004021
-20110	0.00003943
-20105	0.00004088
-20100	0.00003927
-20095	0.0000376
-20090	0.00004255
-20085	0.00003932
-20080	0.00003698
-20075	0.00003573
-20070	0.00003604
-20065	0.00004307
-20060	0.00004104
-20055	0.00003838
-20050	0.0000376
-20045	0.0000413
-20040	0.0000388
-20035	0.0000425
-20030	0.00004229
-20025	0.00004172
-20020	0.00004302
-20015	0.00004338
-20010	0.00004182
-20005	0.00004349
-20000	0.00004104
-19995	0.00004109
-19990	0.00004271
-19985	0.00004135
-19980	0.00004516
-19975	0.00004281
-19970	0.00004328
-19965	0.00004953
-19960	0.00004432
-19955	0.00004276
-19950	0.00004578
-19945	0.00004312
-19940	0.00004265
-19935	0.000045
-19930	0.00004646
-19925	0.00004677
-19920	0.00004302
-19915	0.00004338
-19910	0.00004364
-19905	0.00004562
-19900	0.00004635
-19895	0.00004911
-19890	0.00004489
-19885	0.00004797
-19880	0.00004854
-19875	0.00004833
-19870	0.00004917
-19865	0.00004417
-19860	0.00004703
-19855	0.00004588
-19850	0.00004375
-19845	0.00004797
-19840	0.00004614
-19835	0.00004797
-19830	0.00004818
-19825	0.00004719
-19820	0.0000513
-19815	0.00004578
-19810	0.00004656
-19805	0.00004604
-19800	0.00004948
-19795	0.0000463
-19790	0.00004922
-19785	0.00005172
-19780	0.00005234
-19775	0.00004989
-19770	0.00004562
-19765	0.00005036
-19760	0.00005307
-19755	0.00004854
-19750	0.00005375
-19745	0.00005448
-19740	0.00005073
-19735	0.00004479
-19730	0.00004745
-19725	0.00005281
-19720	0.00005375
-19715	0.00004927
-19710	0.00005354
-19705	0.00005094
-19700	0.00004792
-19695	0.00005401
-19690	0.00004989
-19685	0.00005224
-19680	0.00005786
-19675	0.00005036
-19670	0.0000562
-19665	0.00005229
-19660	0.00005193
-19655	0.00005239
-19650	0.00005375
-19645	0.00005401
-19640	0.00005625
-19635	0.00005312
-19630	0.00005896
-19625	0.00005302
-19620	0.0000537
-19615	0.00005682
-19610	0.00005526
-19605	0.00005604
-19600	0.00005479
-19595	0.00005088
-19590	0.00005323
-19585	0.00005911
-19580	0.0000564
-19575	0.00005922
-19570	0.00005307
-19565	0.00005989
-19560	0.00005594
-19555	0.00005896
-19550	0.00005292
-19545	0.00005698
-19540	0.00005458
-19535	0.00005495
-19530	0.00006015
-19525	0.00006083
-19520	0.00005963
-19515	0.00005859
-19510	0.0000576
-19505	0.00005489
-19500	0.00006458
-19495	0.00005515
-19490	0.00005958
-19485	0.00005963
-19480	0.00006385
-19475	0.00006474
-19470	0.00005969
-19465	0.00005854
-19460	0.00006292
-19455	0.00006573
-19450	0.00006041
-19445	0.00006135
-19440	0.00006364
-19435	0.00006239
-19430	0.00006823
-19425	0.00006167
-19420	0.00006588
-19415	0.00006031
-19410	0.00006573
-19405	0.00006182
-19400	0.00006708
-19395	0.00006656
-19390	0.00006745
-19385	0.00006245
-19380	0.00006416
-19375	0.0000638
-19370	0.00006927
-19365	0.00006708
-19360	0.00006458
-19355	0.00007068
-19350	0.00006385
-19345	0.0000713
-19340	0.00006729
-19335	0.00007026
-19330	0.00006859
-19325	0.00006656
-19320	0.00006552
-19315	0.00006823
-19310	0.00006943
-19305	0.00007005
-19300	0.00007286
-19295	0.00007067
-19290	0.0000738
-19285	0.00006588
-19280	0.00007755
-19275	0.00006896
-19270	0.0000725
-19265	0.00006922
-19260	0.000065
-19255	0.00007531
-19250	0.00007088
-19245	0.00007323
-19240	0.00007265
-19235	0.00008015
-19230	0.00007057
-19225	0.00007489
-19220	0.00007557
-19215	0.00007604
-19210	0.00007104
-19205	0.00007557
-19200	0.0000788
-19195	0.0000725
-19190	0.00007687
-19185	0.00006703
-19180	0.00007562
-19175	0.00007276
-19170	0.0000788
-19165	0.00007901
-19160	0.00007427
-19155	0.00007896
-19150	0.00007568
-19145	0.00008031
-19140	0.00007604
-19135	0.00007541
-19130	0.00008172
-19125	0.00008099
-19120	0.00007922
-19115	0.00007724
-19110	0.00008271
-19105	0.0000788
-19100	0.00007672
-19095	0.00008354
-19090	0.00007739
-19085	0.00008067
-19080	0.00008567
-19075	0.00008104
-19070	0.00007817
-19065	0.00008666
-19060	0.00007536
-19055	0.00008068
-19050	0.00008573
-19045	0.00008281
-19040	0.00008234
-19035	0.00008062
-19030	0.00008599
-19025	0.00008776
-19020	0.00008146
-19015	0.00008739
-19010	0.00008349
-19005	0.00009021
-19000	0.00007906
-18995	0.00008885
-18990	0.00008812
-18985	0.00008984
-18980	0.00009041
-18975	0.00008364
-18970	0.00009156
-18965	0.00008536
-18960	0.00008229
-18955	0.00009041
-18950	0.00008646
-18945	0.00008599
-18940	0.00008396
-18935	0.00009484
-18930	0.00009146
-18925	0.00008812
-18920	0.00009416
-18915	0.00008849
-18910	0.00008838
-18905	0.0000939
-18900	0.00009489
-18895	0.0000951
-18890	0.00009661
-18885	0.00008958
-18880	0.0000926
-18875	0.00009354
-18870	0.00009911
-18865	0.00009932
-18860	0.00009495
-18855	0.00009974
-18850	0.00009146
-18845	0.000095
-18840	0.00009349
-18835	0.0000962
-18830	0.00009692
-18825	0.00009718
-18820	0.00009781
-18815	0.0000988
-18810	0.00010213
-18805	0.00009901
-18800	0.00009312
-18795	0.00010005
-18790	0.00010062
-18785	0.0000939
-18780	0.00009797
-18775	0.00009838
-18770	0.00010442
-18765	0.00009922
-18760	0.00009369
-18755	0.00010588
-18750	0.00010104
-18745	0.00010453
-18740	0.00010547
-18735	0.00010677
-18730	0.00010526
-18725	0.00009505
-18720	0.00010255
-18715	0.00011088
-18710	0.000105
-18705	0.00010369
-18700	0.00010541
-18695	0.00009604
-18690	0.00010797
-18685	0.00011135
-18680	0.00010838
-18675	0.00010557
-18670	0.00011104
-18665	0.00011302
-18660	0.00011119
-18655	0.00010463
-18650	0.00011286
-18645	0.00011052
-18640	0.00011312
-18635	0.00011427
-18630	0.00010047
-18625	0.00010791
-18620	0.00011729
-18615	0.00010906
-18610	0.00011276
-18605	0.0001164
-18600	0.00011047
-18595	0.00011442
-18590	0.0001138
-18585	0.00011875
-18580	0.00010802
-18575	0.00011135
-18570	0.00010646
-18565	0.00011588
-18560	0.00010521
-18555	0.00010614
-18550	0.00011437
-18545	0.0001113
-18540	0.00012375
-18535	0.00012588
-18530	0.0001263
-18525	0.00012088
-18520	0.00011666
-18515	0.00012239
-18510	0.00012614
-18505	0.0001176
-18500	0.00011531
-18495	0.00011687
-18490	0.00012552
-18485	0.00011234
-18480	0.00013187
-18475	0.00012328
-18470	0.00013317
-18465	0.00011635
-18460	0.00011453
-18455	0.0001225
-18450	0.00011359
-18445	0.00012744
-18440	0.00011953
-18435	0.0001189
-18430	0.00012666
-18425	0.00011843
-18420	0.0001225
-18415	0.00012343
-18410	0.00011557
-18405	0.00013125
-18400	0.00013099
-18395	0.00012599
-18390	0.00012911
-18385	0.00012437
-18380	0.00012692
-18375	0.00012948
-18370	0.00012578
-18365	0.00012354
-18360	0.00013317
-18355	0.00013161
-18350	0.00013125
-18345	0.00013744
-18340	0.00012692
-18335	0.00013119
-18330	0.00013552
-18325	0.00012989
-18320	0.00012796
-18315	0.00012869
-18310	0.00012958
-18305	0.00013177
-18300	0.00013458
-18295	0.00012843
-18290	0.00013729
-18285	0.00014239
-18280	0.00013651
-18275	0.00013823
-18270	0.00013187
-18265	0.00012468
-18260	0.00014552
-18255	0.00013395
-18250	0.00013458
-18245	0.00014297
-18240	0.00013895
-18235	0.00013583
-18230	0.00014078
-18225	0.00013656
-18220	0.00014447
-18215	0.00013724
-18210	0.00014208
-18205	0.00014614
-18200	0.0001339
-18195	0.00014026
-18190	0.00015864
-18185	0.00014093
-18180	0.00014333
-18175	0.00014963
-18170	0.00015416
-18165	0.00014281
-18160	0.00013953
-18155	0.00014135
-18150	0.00014802
-18145	0.00014989
-18140	0.00014562
-18135	0.00014765
-18130	0.00014687
-18125	0.00014718
-18120	0.00016281
-18115	0.00015614
-18110	0.00015322
-18105	0.00016099
-18100	0.00014073
-18095	0.00015041
-18090	0.00015781
-18085	0.00014786
-18080	0.00015546
-18075	0.00015135
-18070	0.00016317
-18065	0.00014156
-18060	0.0001702
-18055	0.0001502
-18050	0.000155
-18045	0.00015802
-18040	0.00016151
-18035	0.00015635
-18030	0.00015708
-18025	0.00016385
-18020	0.0001627
-18015	0.00015041
-18010	0.00016104
-18005	0.00015625
-18000	0.00016796
-17995	0.00015776
-17990	0.0001564
-17985	0.00016713
-17980	0.00016312
-17975	0.00015729
-17970	0.00015828
-17965	0.00016281
-17960	0.00015848
-17955	0.00016364
-17950	0.00017453
-17945	0.0001676
-17940	0.00016947
-17935	0.00016208
-17930	0.00016203
-17925	0.00015854
-17920	0.00015916
-17915	0.00017734
-17910	0.00015932
-17905	0.00016661
-17900	0.00017354
-17895	0.0001652
-17890	0.00017036
-17885	0.00016911
-17880	0.00016708
-17875	0.0001839
-17870	0.00016854
-17865	0.0001726
-17860	0.00017296
-17855	0.00018203
-17850	0.00016979
-17845	0.00018307
-17840	0.00016437
-17835	0.00016599
-17830	0.00017661
-17825	0.00017286
-17820	0.00016286
-17815	0.00017671
-17810	0.00017776
-17805	0.00018499
-17800	0.00018109
-17795	0.00018692
-17790	0.00017557
-17785	0.00017828
-17780	0.00018244
-17775	0.00017463
-17770	0.00017744
-17765	0.00018749
-17760	0.00017249
-17755	0.00019171
-17750	0.00018515
-17745	0.00018739
-17740	0.00017755
-17735	0.00018395
-17730	0.00018291
-17725	0.00019921
-17720	0.00019697
-17715	0.00019109
-17710	0.00019156
-17705	0.00018609
-17700	0.00018187
-17695	0.00019973
-17690	0.00018416
-17685	0.00019406
-17680	0.00018572
-17675	0.00018739
-17670	0.0001864
-17665	0.00019994
-17660	0.00018536
-17655	0.00019286
-17650	0.00019765
-17645	0.00019484
-17640	0.00019354
-17635	0.00019671
-17630	0.0002013
-17625	0.00019192
-17620	0.00020677
-17615	0.00019203
-17610	0.00020645
-17605	0.00019551
-17600	0.00019755
-17595	0.00019505
-17590	0.00018859
-17585	0.00020624
-17580	0.00018536
-17575	0.00019843
-17570	0.00019187
-17565	0.00021051
-17560	0.00019223
-17555	0.00019729
-17550	0.00020072
-17545	0.00019072
-17540	0.00020062
-17535	0.00019552
-17530	0.0002051
-17525	0.00020369
-17520	0.00021656
-17515	0.00021494
-17510	0.00020088
-17505	0.00020463
-17500	0.00020484
-17495	0.00020822
-17490	0.00019947
-17485	0.00019536
-17480	0.00020432
-17475	0.00021275
-17470	0.0002038
-17465	0.00020703
-17460	0.00020452
-17455	0.0002301
-17450	0.00021104
-17445	0.00020859
-17440	0.00022119
-17435	0.0002114
-17430	0.00021588
-17425	0.00020807
-17420	0.00020942
-17415	0.00021734
-17410	0.00019557
-17405	0.0002139
-17400	0.00021734
-17395	0.00021723
-17390	0.00023171
-17385	0.00021031
-17380	0.00020364
-17375	0.0002176
-17370	0.00022932
-17365	0.00021025
-17360	0.00021223
-17355	0.00022156
-17350	0.00022036
-17345	0.00021114
-17340	0.00023551
-17335	0.00021984
-17330	0.00021869
-17325	0.00020567
-17320	0.00021906
-17315	0.00022328
-17310	0.00022609
-17305	0.00021421
-17300	0.00022036
-17295	0.00022729
-17290	0.00022744
-17285	0.00022218
-17280	0.00022525
-17275	0.00023072
-17270	0.00023395
-17265	0.0002326
-17260	0.00021999
-17255	0.00022249
-17250	0.00021999
-17245	0.00022838
-17240	0.00022869
-17235	0.00023208
-17230	0.00023536
-17225	0.00021999
-17220	0.00023734
-17215	0.00022817
-17210	0.000244
-17205	0.0002364
-17200	0.00023656
-17195	0.00023213
-17190	0.00023932
-17185	0.00023395
-17180	0.00023202
-17175	0.0002327
-17170	0.00024916
-17165	0.0002376
-17160	0.00024577
-17155	0.00024801
-17150	0.00024499
-17145	0.00022906
-17140	0.00023567
-17135	0.00023244
-17130	0.00023978
-17125	0.00025624
-17120	0.00025603
-17115	0.00023249
-17110	0.00025515
-17105	0.00023734
-17100	0.00022749
-17095	0.00023947
-17090	0.00024104
-17085	0.00024598
-17080	0.00023479
-17075	0.00024963
-17070	0.00024296
-17065	0.00024239
-17060	0.00024286
-17055	0.00024609
-17050	0.00024604
-17045	0.0002576
-17040	0.00022578
-17035	0.0002426
-17030	0.00025567
-17025	0.00025281
-17020	0.00024479
-17015	0.00023583
-17010	0.00023817
-17005	0.00025645
-17000	0.00023906
-16995	0.00025161
-16990	0.00025525
-16985	0.00023541
-16980	0.00024916
-16975	0.00025567
-16970	0.00025452
-16965	0.00025838
-16960	0.00024781
-16955	0.00025645
-16950	0.0002377
-16945	0.00024656
-16940	0.00024411
-16935	0.00024895
-16930	0.00025853
-16925	0.00025536
-16920	0.00025932
-16915	0.00027036
-16910	0.00025968
-16905	0.00024958
-16900	0.0002514
-16895	0.00025171
-16890	0.00025864
-16885	0.00027062
-16880	0.00025744
-16875	0.00024932
-16870	0.00025838
-16865	0.00026624
-16860	0.00024926
-16855	0.0002465
-16850	0.00025322
-16845	0.00025208
-16840	0.00026926
-16835	0.0002614
-16830	0.00026666
-16825	0.00025265
-16820	0.00026786
-16815	0.00025838
-16810	0.00026541
-16805	0.00026234
-16800	0.00024864
-16795	0.00024781
-16790	0.0002652
-16785	0.00027093
-16780	0.00025937
-16775	0.00027036
-16770	0.00025296
-16765	0.00026583
-16760	0.00027109
-16755	0.00027541
-16750	0.00027421
-16745	0.0002613
-16740	0.00027312
-16735	0.00024838
-16730	0.0002715
-16725	0.00027041
-16720	0.00028291
-16715	0.00027119
-16710	0.00025963
-16705	0.00026661
-16700	0.00028343
-16695	0.00026348
-16690	0.00024916
-16685	0.00025942
-16680	0.00026838
-16675	0.0002778
-16670	0.0002702
-16665	0.00026937
-16660	0.00027281
-16655	0.00027661
-16650	0.00027531
-16645	0.00027072
-16640	0.00025848
-16635	0.00026156
-16630	0.00025958
-16625	0.00025952
-16620	0.00028895
-16615	0.00026025
-16610	0.00026484
-16605	0.00029103
-16600	0.00026254
-16595	0.00027395
-16590	0.00026531
-16585	0.00026593
-16580	0.00027213
-16575	0.00027562
-16570	0.00026827
-16565	0.00026479
-16560	0.00026338
-16555	0.00026932
-16550	0.00027213
-16545	0.00025499
-16540	0.00026905
-16535	0.00027359
-16530	0.00027869
-16525	0.00027182
-16520	0.00027598
-16515	0.00028197
-16510	0.00028062
-16505	0.00027744
-16500	0.00025666
-16495	0.00025749
-16490	0.00027176
-16485	0.00028176
-16480	0.00026765
-16475	0.00028067
-16470	0.00028442
-16465	0.00027926
-16460	0.00026734
-16455	0.00027916
-16450	0.00029327
-16445	0.00029317
-16440	0.00026687
-16435	0.00028692
-16430	0.00027718
-16425	0.00027187
-16420	0.00027395
-16415	0.00028817
-16410	0.00025739
-16405	0.00028181
-16400	0.00025801
-16395	0.00027353
-16390	0.00027416
-16385	0.0002951
-16380	0.00028406
-16375	0.00028124
-16370	0.0002615
-16365	0.00027031
-16360	0.00027004
-16355	0.00026624
-16350	0.00027244
-16345	0.00027666
-16340	0.00028161
-16335	0.00025552
-16330	0.00028364
-16325	0.0002802
-16320	0.00027489
-16315	0.00027223
-16310	0.00026728
-16305	0.00027421
-16300	0.00027734
-16295	0.00027249
-16290	0.00026754
-16285	0.00028692
-16280	0.00027713
-16275	0.00027682
-16270	0.00028588
-16265	0.00027525
-16260	0.00027718
-16255	0.00026567
-16250	0.00027322
-16245	0.00028603
-16240	0.00028275
-16235	0.00029572
-16230	0.00025229
-16225	0.00025968
-16220	0.00026666
-16215	0.0002701
-16210	0.00027817
-16205	0.00028754
-16200	0.00027405
-16195	0.00028458
-16190	0.00028926
-16185	0.00028166
-16180	0.00027176
-16175	0.00026176
-16170	0.00026645
-16165	0.00027619
-16160	0.0002676
-16155	0.00027353
-16150	0.00026713
-16145	0.00027661
-16140	0.0002839
-16135	0.00026395
-16130	0.00027499
-16125	0.00027895
-16120	0.00025833
-16115	0.00027135
-16110	0.00027635
-16105	0.0002628
-16100	0.00026827
-16095	0.00027958
-16090	0.00030046
-16085	0.00030124
-16080	0.00026057
-16075	0.00027379
-16070	0.00025817
-16065	0.0002514
-16060	0.00027364
-16055	0.0003114
-16050	0.00025322
-16045	0.00026447
-16040	0.00026572
-16035	0.0002502
-16030	0.00025354
-16025	0.00027609
-16020	0.00026609
-16015	0.00025874
-16010	0.00027489
-16005	0.00027562
-16000	0.00024911
-15995	0.00027478
-15990	0.00026916
-15985	0.00026562
-15980	0.00027655
-15975	0.00027546
-15970	0.00026984
-15965	0.00026072
-15960	0.00025494
-15955	0.00027124
-15950	0.00026025
-15945	0.00025202
-15940	0.00026796
-15935	0.0002839
-15930	0.00026072
-15925	0.00026916
-15920	0.00025504
-15915	0.00026895
-15910	0.00025843
-15905	0.00028879
-15900	0.00024775
-15895	0.00025478
-15890	0.00025791
-15885	0.00025166
-15880	0.00026197
-15875	0.00023703
-15870	0.00023781
-15865	0.00027916
-15860	0.0002502
-15855	0.00024978
-15850	0.00025296
-15845	0.00026364
-15840	0.00023958
-15835	0.00024822
-15830	0.0002402
-15825	0.00025364
-15820	0.00026166
-15815	0.00025765
-15810	0.00025754
-15805	0.00026051
-15800	0.00024801
-15795	0.00023442
-15790	0.00023395
-15785	0.00025755
-15780	0.00024104
-15775	0.00026515
-15770	0.00023708
-15765	0.00024963
-15760	0.00025312
-15755	0.0002164
-15750	0.00026603
-15745	0.00025145
-15740	0.00025218
-15735	0.00023968
-15730	0.00022338
-15725	0.0002476
-15720	0.00024734
-15715	0.00021505
-15710	0.00022734
-15705	0.00022744
-15700	0.00023593
-15695	0.00023739
-15690	0.00025031
-15685	0.00023541
-15680	0.00021812
-15675	0.00023635
-15670	0.00023385
-15665	0.00022567
-15660	0.00023718
-15655	0.00024442
-15650	0.00022088
-15645	0.00024661
-15640	0.00023661
-15635	0.00024197
-15630	0.00022364
-15625	0.00023536
-15620	0.00022494
-15615	0.00023728
-15610	0.00022437
-15605	0.00023161
-15600	0.00022947
-15595	0.00020286
-15590	0.00022577
-15585	0.00019557
-15580	0.00022979
-15575	0.00020453
-15570	0.00020442
-15565	0.0002113
-15560	0.00022499
-15555	0.00020484
-15550	0.00020489
-15545	0.00020921
-15540	0.00023156
-15535	0.00023713
-15530	0.00020661
-15525	0.00019786
-15520	0.00023187
-15515	0.00021057
-15510	0.00020744
-15505	0.0002202
-15500	0.00021046
-15495	0.00020697
-15490	0.00022077
-15485	0.00022364
-15480	0.00022692
-15475	0.00020395
-15470	0.00018114
-15465	0.00020234
-15460	0.00022468
-15455	0.00020848
-15450	0.00022041
-15445	0.00022234
-15440	0.00019078
-15435	0.0001877
-15430	0.00022874
-15425	0.00020583
-15420	0.00018874
-15415	0.00019447
-15410	0.00022338
-15405	0.00019119
-15400	0.00018552
-15395	0.00018744
-15390	0.00019374
-15385	0.00021041
-15380	0.00018515
-15375	0.00021067
-15370	0.00019843
-15365	0.00019963
-15360	0.00018244
-15355	0.00018994
-15350	0.00019447
-15345	0.00020671
-15340	0.00018296
-15335	0.00019317
-15330	0.00018224
-15325	0.00018874
-15320	0.0001652
-15315	0.00018791
-15310	0.00017885
-15305	0.00018802
-15300	0.00018947
-15295	0.00017552
-15290	0.00017776
-15285	0.00016359
-15280	0.00016843
-15275	0.00016968
-15270	0.0001488
-15265	0.00016677
-15260	0.00018187
-15255	0.00016328
-15250	0.00019854
-15245	0.00017328
-15240	0.00015843
-15235	0.00018104
-15230	0.00018593
-15225	0.00018072
-15220	0.0001663
-15215	0.00018401
-15210	0.00018234
-15205	0.00015322
-15200	0.00016073
-15195	0.00018166
-15190	0.00014651
-15185	0.0001676
-15180	0.00017682
-15175	0.00015937
-15170	0.00016572
-15165	0.00015817
-15160	0.00018437
-15155	0.00015541
-15150	0.00015505
-15145	0.00014567
-15140	0.00015427
-15135	0.00013995
-15130	0.00016349
-15125	0.00014458
-15120	0.00016104
-15115	0.00013677
-15110	0.00014885
-15105	0.00012703
-15100	0.00015104
-15095	0.00014958
-15090	0.00014671
-15085	0.00014786
-15080	0.00015786
-15075	0.00013729
-15070	0.00015177
-15065	0.00015224
-15060	0.00016322
-15055	0.00014291
-15050	0.00013422
-15045	0.00013734
-15040	0.00013911
-15035	0.00014739
-15030	0.0001364
-15025	0.00012682
-15020	0.00011208
-15015	0.00013593
-15010	0.00013672
-15005	0.00012156
-15000	0.00012463
-14995	0.00012599
-14990	0.00013885
-14985	0.00012599
-14980	0.00011843
-14975	0.0001401
-14970	0.00012369
-14965	0.00013015
-14960	0.00012593
-14955	0.00011864
-14950	0.00012552
-14945	0.00013036
-14940	0.00011302
-14935	0.0001313
-14930	0.0001113
-14925	0.00013161
-14920	0.00011838
-14915	0.00013229
-14910	0.00010406
-14905	0.00011463
-14900	0.00013041
-14895	0.00011661
-14890	0.00011104
-14885	0.00012062
-14880	0.00013286
-14875	0.00012838
-14870	0.0001
-14865	0.00012307
-14860	0.00011349
-14855	0.00013302
-14850	0.00009953
-14845	0.00011963
-14840	0.00011203
-14835	0.00008797
-14830	0.00010104
-14825	0.00010192
-14820	0.00010286
-14815	0.00010995
-14810	0.00010526
-14805	0.00012208
-14800	0.00011922
-14795	0.00010885
-14790	0.00008635
-14785	0.00009468
-14780	0.00010765
-14775	0.0000925
-14770	0.00009739
-14765	0.00011156
-14760	0.00010953
-14755	0.00009057
-14750	0.00011177
-14745	0.00010104
-14740	0.00009494
-14735	0.00009833
-14730	0.00009505
-14725	0.00009411
-14720	0.00009786
-14715	0.00009068
-14710	0.00010453
-14705	0.00010114
-14700	0.00008213
-14695	0.00009786
-14690	0.00009349
-14685	0.00008099
-14680	0.00008661
-14675	0.00009291
-14670	0.00007255
-14665	0.00009271
-14660	0.00008677
-14655	0.00007411
-14650	0.00009489
-14645	0.00008364
-14640	0.00007838
-14635	0.00008229
-14630	0.00006562
-14625	0.00008427
-14620	0.00007995
-14615	0.00008427
-14610	0.00008041
-14605	0.00007443
-14600	0.0000638
-14595	0.00007453
-14590	0.00008802
-14585	0.00007151
-14580	0.00007417
-14575	0.00009073
-14570	0.00007729
-14565	0.00006797
-14560	0.00007911
-14555	0.00007817
-14550	0.00005823
-14545	0.00007276
-14540	0.00007031
-14535	0.00006541
-14530	0.00005948
-14525	0.00008427
-14520	0.00005495
-14515	0.00008161
-14510	0.00005557
-14505	0.00007677
-14500	0.0000513
-14495	0.00005849
-14490	0.00005286
-14485	0.00005823
-14480	0.00005776
-14475	0.00005781
-14470	0.00006838
-14465	0.00005359
-14460	0.0000601
-14455	0.0000551
-14450	0.00005656
-14445	0.00005687
-14440	0.00005745
-14435	0.00005177
-14430	0.00005016
-14425	0.00005979
-14420	0.00005401
-14415	0.00004687
-14410	0.00005583
-14405	0.00004693
-14400	0.0000575
-14395	0.00005021
-14390	0.0000487
-14385	0.00005026
-14380	0.00005739
-14375	0.00005443
-14370	0.00003724
-14365	0.00004495
-14360	0.00005286
-14355	0.00004437
-14350	0.00004771
-14345	0.00004958
-14340	0.00004927
-14335	0.00005359
-14330	0.00004432
-14325	0.0000563
-14320	0.00004177
-14315	0.00005265
-14310	0.00003797
-14305	0.00004792
-14300	0.00004417
-14295	0.00004766
-14290	0.00004568
-14285	0.00003953
-14280	0.00003635
-14275	0.00004984
-14270	0.00003724
-14265	0.00004599
-14260	0.00004401
-14255	0.00004042
-14250	0.00004687
-14245	0.00003989
-14240	0.00004521
-14235	0.00004083
-14230	0.00003698
-14225	0.00003349
-14220	0.00004286
-14215	0.00003797
-14210	0.00003234
-14205	0.00004484
-14200	0.000025728
-14195	0.00003385
-14190	0.00004323
-14185	0.000031406
-14180	0.000029062
-14175	0.00003771
-14170	0.00003729
-14165	0.00003963
-14160	0.00004219
-14155	0.00003151
-14150	0.000026509
-14145	0.00003234
-14140	0.000030207
-14135	0.000030364
-14130	0.000025416
-14125	0.000028541
-14120	0.000031041
-14115	0.000019322
-14110	0.000028541
-14105	0.000024947
-14100	0.00003333
-14095	0.000021979
-14090	0.00002052
-14085	0.000035
-14080	0.00003411
-14075	0.000020156
-14070	0.000031145
-14065	0.000019375
-14060	0.00003078
-14055	0.000017916
-14050	0.000020937
-14045	0.000026718
-14040	0.000014166
-14035	0.000021405
-14030	0.000018229
-14025	0.00002177
-14020	0.000017969
-14015	0.00003245
-14010	0.000030051
-14005	0.000014739
-14000	0.000019218
-13995	0.000031249
-13990	0.000022135
-13985	0.000012604
-13980	0.000018281
-13975	0.00002875
-13970	0.00002625
-13965	0.000021926
-13960	0.000023228
-13955	0.000022499
-13950	0.000020156
-13945	0.000027239
-13940	0.00003224
-13935	0.000013853
-13930	0.000016562
-13925	0.00001875
-13920	0.000030676
-13915	0.000010052
-13910	0.000023176
-13905	0.000019114
-13900	0.000009687
-13895	0.000015467
-13890	0.000017708
-13885	0.000011719
-13880	0.000024218
-13875	0.000011354
-13870	0.000019896
-13865	0.000019426
-13860	0.000016145
-13855	0.000019739
-13850	0.000013541
-13845	0.000020364
-13840	0.000018645
-13835	0.000015781
-13830	0.000009479
-13825	0.000012448
-13820	0.00001302
-13815	0.000011927
-13810	0.000016719
-13805	0.00001052
-13800	0.000006771
-13795	0.000012344
-13790	0.000012916
-13785	0.000009687
-13780	0.000019166
-13775	0.000007604
-13770	0.000008958
-13765	0.000010729
-13760	0.000016301
-13755	0.000014583
-13750	0.000009375
-13745	0.000012239
-13740	0.000009114
-13735	0.000017604
-13730	0.000016719
-13725	0.000001302
-13720	0.000009479
-13715	0.000009635
-13710	0.000007917
-13705	0.00001625
-13700	0.000011927
-13695	0.000008125
-13690	0.000006927
-13685	0.000006771
-13680	0.000006823
-13675	0.000007291
-13670	0.00001
-13665	0.000004115
-13660	0.000010417
-13655	0.000013177
-13650	0.000003854
-13645	0.000005052
-13640	0.000005989
-13635	0.000014114
-13630	0.000003542
-13625	0.000005416
-13620	0.000012083
-13615	0.000005104
-13610	0.000010469
-13605	0.000008489
-13600	0.000008594
-13595	0.000005781
-13590	0.000010468
-13585	0.000017864
-13580	0.000010677
-13575	0.000008229
-13570	0.000007135
-13565	0.0000029166
-13560	0.000004739
-13555	0.000006719
-13550	0.00001026
-13545	0.000009062
-13540	0.000007916
-13535	0.0000030729
-13530	0.000006406
-13525	0.000007396
-13520	0.00000401
-13515	0.000006875
-13510	0.000006198
-13505	3.646e-7
-13500	0.000004479
-13495	0.0000017709
-13490	0.000004948
-13485	0.000005104
-13480	0.000003698
-13475	0.00000349
-13470	0.0000014063
-13465	0.000007396
-13460	0.000003958
-13455	0.000004427
-13450	0.000005625
-13445	0.000005989
-13440	0.000003437
-13435	0.000006615
-13430	0.000005416
-13425	0.000004896
-13420	0.000003906
-13415	0.000005364
-13410	0.0000019792
-13405	5.73e-7
-13400	0.0000019789
-13395	6.77e-7
-13390	0.000006614
-13385	0.0000028125
-13380	0.0000022396
-13375	5.2e-8
-13370	0.000005885
-13365	0.000004114
-13360	0.000004583
