-29675	0
-29670	0
-29665	5.221e-8
-29660	1.0411e-7
-29655	0
-29650	5.221e-8
-29645	5.221e-8
-29640	0
-29635	0
-29630	5.221e-8
-29625	0
-29620	0
-29615	0
-29610	0
-29605	5.221e-8
-29600	5.221e-8
-29595	0
-29590	0
-29585	0
-29580	0
-29575	0
-29570	0
-29565	5.221e-8
-29560	5.221e-8
-29555	0
-29550	0
-29545	0
-29540	0
-29535	1.0411e-7
-29530	5.221e-8
-29525	0
-29520	5.221e-8
-29515	0
-29510	0
-29505	0
-29500	0
-29495	0
-29490	0
-29485	0
-29480	0
-29475	0
-29470	5.221e-8
-29465	0
-29460	0
-29455	0
-29450	5.221e-8
-29445	0
-29440	0
-29435	0
-29430	0
-29425	0
-29420	0
-29415	0
-29410	0
-29405	5.221e-8
-29400	0
-29395	0
-29390	0
-29385	5.221e-8
-29380	0
-29375	0
-29370	5.221e-8
-29365	0
-29360	0
-29355	5.221e-8
-29350	0
-29345	0
-29340	0
-29335	0
-29330	5.221e-8
-29325	0
-29320	0
-29315	5.221e-8
-29310	5.221e-8
-29305	0
-29300	0
-29295	0
-29290	0
-29285	0
-29280	5.221e-8
-29275	0
-29270	0
-29265	0
-29260	0
-29255	5.221e-8
-29250	0
-29245	5.221e-8
-29240	0
-29235	5.221e-8
-29230	0
-29225	5.221e-8
-29220	0
-29215	0
-29210	0
-29205	5.221e-8
-29200	0
-29195	0
-29190	0
-29185	0
-29180	0
-29175	5.221e-8
-29170	0
-29165	0
-29160	0
-29155	0
-29150	0
-29145	0
-29140	5.221e-8
-29135	0
-29130	0
-29125	0
-29120	0
-29115	0
-29110	0
-29105	0
-29100	0
-29095	0
-29090	0
-29085	0
-29080	5.221e-8
-29075	5.221e-8
-29070	5.221e-8
-29065	0
-29060	0
-29055	5.221e-8
-29050	0
-29045	5.221e-8
-29040	0
-29035	0
-29030	0
-29025	5.221e-8
-29020	0
-29015	0
-29010	0
-29005	1.0411e-7
-29000	0
-28995	0
-28990	5.221e-8
-28985	0
-28980	0
-28975	0
-28970	5.221e-8
-28965	0
-28960	0
-28955	0
-28950	0
-28945	0
-28940	0
-28935	5.221e-8
-28930	0
-28925	0
-28920	1.5632e-7
-28915	0
-28910	0
-28905	0
-28900	5.221e-8
-28895	0
-28890	5.221e-8
-28885	0
-28880	1.0411e-7
-28875	0
-28870	0
-28865	0
-28860	0
-28855	5.221e-8
-28850	0
-28845	0
-28840	0
-28835	5.221e-8
-28830	0
-28825	0
-28820	0
-28815	0
-28810	5.221e-8
-28805	5.221e-8
-28800	5.221e-8
-28795	0
-28790	0
-28785	0
-28780	5.221e-8
-28775	5.221e-8
-28770	0
-28765	5.221e-8
-28760	0
-28755	0
-28750	0
-28745	5.221e-8
-28740	0
-28735	0
-28730	0
-28725	0
-28720	0
-28715	5.221e-8
-28710	5.221e-8
-28705	5.221e-8
-28700	0
-28695	0
-28690	0
-28685	5.221e-8
-28680	1.0411e-7
-28675	0
-28670	5.221e-8
-28665	0
-28660	0
-28655	1.0411e-7
-28650	5.221e-8
-28645	5.221e-8
-28640	5.221e-8
-28635	1.0411e-7
-28630	0
-28625	0
-28620	5.221e-8
-28615	0
-28610	0
-28605	5.221e-8
-28600	5.221e-8
-28595	5.221e-8
-28590	5.221e-8
-28585	5.221e-8
-28580	1.0411e-7
-28575	5.221e-8
-28570	5.221e-8
-28565	0
-28560	0
-28555	0
-28550	0
-28545	0
-28540	0
-28535	5.221e-8
-28530	1.0411e-7
-28525	0
-28520	0
-28515	5.221e-8
-28510	5.221e-8
-28505	0
-28500	0
-28495	5.221e-8
-28490	1.5632e-7
-28485	1.0411e-7
-28480	0
-28475	0
-28470	0
-28465	1.0411e-7
-28460	5.221e-8
-28455	5.221e-8
-28450	0
-28445	5.221e-8
-28440	0
-28435	1.5632e-7
-28430	0
-28425	1.0411e-7
-28420	0
-28415	2.0822e-7
-28410	5.221e-8
-28405	0
-28400	0
-28395	0
-28390	0
-28385	0
-28380	5.221e-8
-28375	5.221e-8
-28370	0
-28365	0
-28360	5.221e-8
-28355	5.221e-8
-28350	5.221e-8
-28345	1.5632e-7
-28340	0
-28335	0
-28330	0
-28325	5.221e-8
-28320	0
-28315	0
-28310	0
-28305	5.221e-8
-28300	0
-28295	5.221e-8
-28290	5.221e-8
-28285	0
-28280	5.221e-8
-28275	0
-28270	0
-28265	5.221e-8
-28260	1.0411e-7
-28255	5.221e-8
-28250	5.221e-8
-28245	1.0411e-7
-28240	0
-28235	0
-28230	5.221e-8
-28225	0
-28220	5.221e-8
-28215	5.221e-8
-28210	1.0411e-7
-28205	5.221e-8
-28200	5.221e-8
-28195	5.221e-8
-28190	0
-28185	0
-28180	5.221e-8
-28175	5.221e-8
-28170	0
-28165	0
-28160	0
-28155	1.0411e-7
-28150	5.221e-8
-28145	1.0411e-7
-28140	1.0411e-7
-28135	0
-28130	5.221e-8
-28125	1.0411e-7
-28120	5.221e-8
-28115	0
-28110	5.221e-8
-28105	5.221e-8
-28100	0
-28095	5.221e-8
-28090	1.0411e-7
-28085	0
-28080	5.221e-8
-28075	0
-28070	1.0411e-7
-28065	1.0411e-7
-28060	5.221e-8
-28055	5.221e-8
-28050	0
-28045	1.0411e-7
-28040	0
-28035	0
-28030	1.0411e-7
-28025	0
-28020	5.221e-8
-28015	1.5632e-7
-28010	0
-28005	0
-28000	5.221e-8
-27995	1.0411e-7
-27990	2.0822e-7
-27985	5.221e-8
-27980	2.0822e-7
-27975	1.0411e-7
-27970	5.221e-8
-27965	1.0411e-7
-27960	1.0411e-7
-27955	0
-27950	1.0411e-7
-27945	1.0411e-7
-27940	5.221e-8
-27935	5.221e-8
-27930	0
-27925	1.0411e-7
-27920	5.221e-8
-27915	0
-27910	5.221e-8
-27905	5.221e-8
-27900	1.0411e-7
-27895	1.0411e-7
-27890	0
-27885	5.221e-8
-27880	1.0411e-7
-27875	0
-27870	2.0822e-7
-27865	1.5632e-7
-27860	5.221e-8
-27855	5.221e-8
-27850	5.221e-8
-27845	2.0822e-7
-27840	0
-27835	2.0822e-7
-27830	0
-27825	0
-27820	5.221e-8
-27815	5.221e-8
-27810	5.221e-8
-27805	1.0411e-7
-27800	5.221e-8
-27795	5.221e-8
-27790	5.221e-8
-27785	1.0411e-7
-27780	5.221e-8
-27775	0
-27770	5.221e-8
-27765	1.5632e-7
-27760	1.5632e-7
-27755	5.221e-8
-27750	5.221e-8
-27745	1.5632e-7
-27740	5.221e-8
-27735	5.221e-8
-27730	5.221e-8
-27725	0
-27720	5.221e-8
-27715	5.221e-8
-27710	5.221e-8
-27705	0
-27700	5.221e-8
-27695	5.221e-8
-27690	5.221e-8
-27685	0
-27680	5.221e-8
-27675	0
-27670	1.0411e-7
-27665	1.0411e-7
-27660	1.5632e-7
-27655	0
-27650	5.221e-8
-27645	1.0411e-7
-27640	1.5632e-7
-27635	0
-27630	1.0411e-7
-27625	1.0411e-7
-27620	1.0411e-7
-27615	5.221e-8
-27610	1.0411e-7
-27605	5.221e-8
-27600	1.5632e-7
-27595	1.5632e-7
-27590	5.221e-8
-27585	1.0411e-7
-27580	1.0411e-7
-27575	1.0411e-7
-27570	2.0822e-7
-27565	2.0822e-7
-27560	1.0411e-7
-27555	5.221e-8
-27550	0
-27545	0
-27540	1.0411e-7
-27535	0
-27530	1.0411e-7
-27525	0
-27520	0
-27515	0
-27510	0
-27505	1.5632e-7
-27500	1.0411e-7
-27495	5.221e-8
-27490	5.221e-8
-27485	1.0411e-7
-27480	5.221e-8
-27475	1.0411e-7
-27470	2.0822e-7
-27465	0
-27460	1.0411e-7
-27455	0
-27450	5.221e-8
-27445	1.5632e-7
-27440	2.0822e-7
-27435	0
-27430	0
-27425	5.221e-8
-27420	2.0822e-7
-27415	1.0411e-7
-27410	5.221e-8
-27405	1.0411e-7
-27400	0
-27395	5.221e-8
-27390	1.5632e-7
-27385	1.0411e-7
-27380	2.0822e-7
-27375	5.221e-8
-27370	3.1263e-7
-27365	0
-27360	1.0411e-7
-27355	0
-27350	1.0411e-7
-27345	5.221e-8
-27340	5.221e-8
-27335	5.221e-8
-27330	1.0411e-7
-27325	1.5632e-7
-27320	0
-27315	2.0822e-7
-27310	5.221e-8
-27305	1.0411e-7
-27300	5.221e-8
-27295	1.5632e-7
-27290	2.0822e-7
-27285	2.6043e-7
-27280	5.221e-8
-27275	5.221e-8
-27270	2.0822e-7
-27265	1.5632e-7
-27260	1.5632e-7
-27255	5.221e-8
-27250	5.221e-8
-27245	1.0411e-7
-27240	5.221e-8
-27235	3.1263e-7
-27230	5.221e-8
-27225	1.0411e-7
-27220	5.221e-8
-27215	0
-27210	2.0822e-7
-27205	0
-27200	5.221e-8
-27195	0
-27190	0
-27185	2.0822e-7
-27180	1.5632e-7
-27175	5.221e-8
-27170	1.5632e-7
-27165	1.5632e-7
-27160	1.0411e-7
-27155	5.221e-8
-27150	5.221e-8
-27145	1.5632e-7
-27140	0
-27135	1.0411e-7
-27130	1.0411e-7
-27125	5.221e-8
-27120	0
-27115	2.0822e-7
-27110	2.0822e-7
-27105	5.221e-8
-27100	2.6043e-7
-27095	1.0411e-7
-27090	1.0411e-7
-27085	1.5632e-7
-27080	5.221e-8
-27075	1.0411e-7
-27070	5.221e-8
-27065	0
-27060	1.5632e-7
-27055	1.5632e-7
-27050	2.0822e-7
-27045	5.221e-8
-27040	2.0822e-7
-27035	5.221e-8
-27030	5.221e-8
-27025	5.221e-8
-27020	1.5632e-7
-27015	1.5632e-7
-27010	1.0411e-7
-27005	1.0411e-7
-27000	0
-26995	5.221e-8
-26990	0
-26985	0
-26980	2.0822e-7
-26975	1.5632e-7
-26970	1.5632e-7
-26965	2.0822e-7
-26960	2.0822e-7
-26955	1.5632e-7
-26950	1.0411e-7
-26945	1.5632e-7
-26940	5.221e-8
-26935	0
-26930	1.5632e-7
-26925	1.5632e-7
-26920	1.5632e-7
-26915	2.0822e-7
-26910	1.0411e-7
-26905	2.6043e-7
-26900	1.5632e-7
-26895	1.0411e-7
-26890	5.221e-8
-26885	1.5632e-7
-26880	1.0411e-7
-26875	2.0822e-7
-26870	1.0411e-7
-26865	3.1263e-7
-26860	4.167e-7
-26855	2.6043e-7
-26850	1.5632e-7
-26845	5.221e-8
-26840	3.1263e-7
-26835	5.221e-8
-26830	1.0411e-7
-26825	1.0411e-7
-26820	1.0411e-7
-26815	1.0411e-7
-26810	1.0411e-7
-26805	2.0822e-7
-26800	1.5632e-7
-26795	1.0411e-7
-26790	1.5632e-7
-26785	5.221e-8
-26780	2.0822e-7
-26775	1.0411e-7
-26770	1.5632e-7
-26765	1.0411e-7
-26760	2.6043e-7
-26755	3.1263e-7
-26750	1.0411e-7
-26745	5.221e-8
-26740	1.5632e-7
-26735	1.5632e-7
-26730	1.5632e-7
-26725	5.221e-8
-26720	2.0822e-7
-26715	1.5632e-7
-26710	1.5632e-7
-26705	2.0822e-7
-26700	2.0822e-7
-26695	2.6043e-7
-26690	2.0822e-7
-26685	5.221e-8
-26680	1.5632e-7
-26675	5.221e-8
-26670	5.221e-8
-26665	2.0822e-7
-26660	1.5632e-7
-26655	5.221e-8
-26650	5.221e-8
-26645	2.0822e-7
-26640	2.0822e-7
-26635	5.221e-8
-26630	1.5632e-7
-26625	2.6043e-7
-26620	1.0411e-7
-26615	2.6043e-7
-26610	2.0822e-7
-26605	2.6043e-7
-26600	3.645e-7
-26595	1.5632e-7
-26590	2.6043e-7
-26585	1.5632e-7
-26580	1.0411e-7
-26575	1.0411e-7
-26570	3.1263e-7
-26565	1.5632e-7
-26560	1.5632e-7
-26555	2.6043e-7
-26550	2.0822e-7
-26545	1.5632e-7
-26540	2.0822e-7
-26535	1.5632e-7
-26530	1.5632e-7
-26525	2.0822e-7
-26520	2.0822e-7
-26515	3.1263e-7
-26510	1.5632e-7
-26505	3.1263e-7
-26500	5.221e-8
-26495	2.0822e-7
-26490	2.0822e-7
-26485	2.6043e-7
-26480	2.0822e-7
-26475	1.5632e-7
-26470	1.0411e-7
-26465	2.6043e-7
-26460	3.1263e-7
-26455	1.0411e-7
-26450	5.221e-8
-26445	2.0822e-7
-26440	3.1263e-7
-26435	1.5632e-7
-26430	1.0411e-7
-26425	3.1263e-7
-26420	3.1263e-7
-26415	2.6043e-7
-26410	2.6043e-7
-26405	2.6043e-7
-26400	1.0411e-7
-26395	1.5632e-7
-26390	5.221e-8
-26385	1.0411e-7
-26380	1.5632e-7
-26375	1.5632e-7
-26370	0
-26365	2.6043e-7
-26360	2.6043e-7
-26355	1.5632e-7
-26350	5.221e-8
-26345	2.0822e-7
-26340	2.0822e-7
-26335	2.6043e-7
-26330	1.5632e-7
-26325	3.645e-7
-26320	3.645e-7
-26315	3.1263e-7
-26310	1.0411e-7
-26305	2.0822e-7
-26300	1.5632e-7
-26295	2.0822e-7
-26290	2.6043e-7
-26285	3.1263e-7
-26280	2.0822e-7
-26275	3.1263e-7
-26270	2.6043e-7
-26265	1.5632e-7
-26260	3.1263e-7
-26255	2.6043e-7
-26250	1.5632e-7
-26245	3.1263e-7
-26240	1.0411e-7
-26235	3.1263e-7
-26230	1.5632e-7
-26225	4.167e-7
-26220	3.1263e-7
-26215	5.221e-8
-26210	2.0822e-7
-26205	2.0822e-7
-26200	1.0411e-7
-26195	2.6043e-7
-26190	2.0822e-7
-26185	2.6043e-7
-26180	2.6043e-7
-26175	3.645e-7
-26170	2.0822e-7
-26165	3.645e-7
-26160	2.6043e-7
-26155	3.645e-7
-26150	3.1263e-7
-26145	1.5632e-7
-26140	5.221e-8
-26135	3.1263e-7
-26130	2.6043e-7
-26125	1.5632e-7
-26120	2.6043e-7
-26115	1.0411e-7
-26110	3.645e-7
-26105	1.5632e-7
-26100	2.6043e-7
-26095	1.5632e-7
-26090	4.167e-7
-26085	3.1263e-7
-26080	2.6043e-7
-26075	1.5632e-7
-26070	2.6043e-7
-26065	3.1263e-7
-26060	1.5632e-7
-26055	1.5632e-7
-26050	4.687e-7
-26045	3.1263e-7
-26040	2.0822e-7
-26035	3.645e-7
-26030	2.6043e-7
-26025	3.1263e-7
-26020	3.645e-7
-26015	2.6043e-7
-26010	4.167e-7
-26005	2.6043e-7
-26000	3.1263e-7
-25995	1.5632e-7
-25990	3.1263e-7
-25985	1.5632e-7
-25980	6.772e-7
-25975	1.5632e-7
-25970	3.645e-7
-25965	2.0822e-7
-25960	2.0822e-7
-25955	1.5632e-7
-25950	4.167e-7
-25945	1.5632e-7
-25940	6.772e-7
-25935	3.1263e-7
-25930	6.772e-7
-25925	2.6043e-7
-25920	2.6043e-7
-25915	5.731e-7
-25910	2.6043e-7
-25905	2.0822e-7
-25900	2.0822e-7
-25895	2.6043e-7
-25890	2.0822e-7
-25885	1.5632e-7
-25880	3.1263e-7
-25875	4.687e-7
-25870	3.1263e-7
-25865	1.0411e-7
-25860	2.6043e-7
-25855	2.6043e-7
-25850	5.209e-7
-25845	4.167e-7
-25840	3.645e-7
-25835	3.645e-7
-25830	3.1263e-7
-25825	6.772e-7
-25820	5.209e-7
-25815	1.5632e-7
-25810	1.5632e-7
-25805	2.0822e-7
-25800	5.209e-7
-25795	2.6043e-7
-25790	3.645e-7
-25785	2.6043e-7
-25780	3.1263e-7
-25775	2.0822e-7
-25770	6.25e-7
-25765	2.6043e-7
-25760	4.167e-7
-25755	3.645e-7
-25750	3.645e-7
-25745	4.687e-7
-25740	2.6043e-7
-25735	6.25e-7
-25730	6.25e-7
-25725	5.209e-7
-25720	2.0822e-7
-25715	4.167e-7
-25710	2.6043e-7
-25705	4.167e-7
-25700	4.687e-7
-25695	2.6043e-7
-25690	3.1263e-7
-25685	1.5632e-7
-25680	3.1263e-7
-25675	6.25e-7
-25670	2.0822e-7
-25665	5.731e-7
-25660	3.1263e-7
-25655	4.687e-7
-25650	5.209e-7
-25645	1.5632e-7
-25640	2.6043e-7
-25635	3.645e-7
-25630	4.687e-7
-25625	4.167e-7
-25620	1.5632e-7
-25615	7.291e-7
-25610	3.1263e-7
-25605	4.687e-7
-25600	5.731e-7
-25595	6.25e-7
-25590	2.6043e-7
-25585	5.731e-7
-25580	3.1263e-7
-25575	3.645e-7
-25570	6.25e-7
-25565	5.731e-7
-25560	5.731e-7
-25555	2.6043e-7
-25550	4.167e-7
-25545	3.645e-7
-25540	4.167e-7
-25535	6.25e-7
-25530	5.731e-7
-25525	2.6043e-7
-25520	4.167e-7
-25515	4.167e-7
-25510	5.209e-7
-25505	5.209e-7
-25500	3.1263e-7
-25495	4.167e-7
-25490	6.25e-7
-25485	3.645e-7
-25480	4.687e-7
-25475	6.772e-7
-25470	3.645e-7
-25465	4.687e-7
-25460	4.167e-7
-25455	4.167e-7
-25450	3.645e-7
-25445	4.167e-7
-25440	3.645e-7
-25435	4.687e-7
-25430	5.731e-7
-25425	3.645e-7
-25420	6.772e-7
-25415	3.645e-7
-25410	4.687e-7
-25405	2.0822e-7
-25400	5.731e-7
-25395	5.209e-7
-25390	6.772e-7
-25385	5.209e-7
-25380	5.731e-7
-25375	3.645e-7
-25370	6.25e-7
-25365	2.0822e-7
-25360	3.1263e-7
-25355	5.209e-7
-25350	6.25e-7
-25345	5.209e-7
-25340	2.0822e-7
-25335	4.687e-7
-25330	3.1263e-7
-25325	6.25e-7
-25320	5.209e-7
-25315	5.209e-7
-25310	5.731e-7
-25305	4.167e-7
-25300	5.731e-7
-25295	3.645e-7
-25290	5.209e-7
-25285	4.167e-7
-25280	4.687e-7
-25275	5.209e-7
-25270	5.731e-7
-25265	4.687e-7
-25260	6.25e-7
-25255	4.687e-7
-25250	3.645e-7
-25245	4.167e-7
-25240	5.731e-7
-25235	4.167e-7
-25230	3.1263e-7
-25225	4.687e-7
-25220	5.209e-7
-25215	4.687e-7
-25210	7.813e-7
-25205	5.731e-7
-25200	4.167e-7
-25195	5.209e-7
-25190	8.332e-7
-25185	5.731e-7
-25180	5.731e-7
-25175	8.854e-7
-25170	3.1263e-7
-25165	5.209e-7
-25160	7.291e-7
-25155	6.25e-7
-25150	4.687e-7
-25145	6.772e-7
-25140	2.6043e-7
-25135	5.731e-7
-25130	4.167e-7
-25125	5.731e-7
-25120	6.772e-7
-25115	2.6043e-7
-25110	6.772e-7
-25105	7.291e-7
-25100	7.813e-7
-25095	9.376e-7
-25090	4.167e-7
-25085	5.209e-7
-25080	6.772e-7
-25075	4.167e-7
-25070	4.687e-7
-25065	2.0822e-7
-25060	6.772e-7
-25055	6.25e-7
-25050	5.209e-7
-25045	5.731e-7
-25040	6.772e-7
-25035	6.772e-7
-25030	4.687e-7
-25025	6.25e-7
-25020	4.687e-7
-25015	6.25e-7
-25010	5.731e-7
-25005	6.25e-7
-25000	5.209e-7
-24995	6.25e-7
-24990	8.332e-7
-24985	5.209e-7
-24980	6.772e-7
-24975	7.813e-7
-24970	8.332e-7
-24965	5.731e-7
-24960	7.813e-7
-24955	5.209e-7
-24950	5.209e-7
-24945	6.25e-7
-24940	5.731e-7
-24935	0.0000010936
-24930	5.209e-7
-24925	7.813e-7
-24920	6.772e-7
-24915	8.332e-7
-24910	4.167e-7
-24905	5.731e-7
-24900	7.291e-7
-24895	0.0000013021
-24890	7.813e-7
-24885	6.25e-7
-24880	0.0000010417
-24875	8.332e-7
-24870	6.772e-7
-24865	7.813e-7
-24860	9.376e-7
-24855	5.731e-7
-24850	4.687e-7
-24845	4.687e-7
-24840	9.376e-7
-24835	8.854e-7
-24830	8.332e-7
-24825	7.291e-7
-24820	8.854e-7
-24815	8.332e-7
-24810	7.291e-7
-24805	6.25e-7
-24800	7.291e-7
-24795	4.687e-7
-24790	6.772e-7
-24785	0.0000010936
-24780	8.854e-7
-24775	0.0000010936
-24770	8.332e-7
-24765	6.772e-7
-24760	9.895e-7
-24755	8.332e-7
-24750	5.731e-7
-24745	8.332e-7
-24740	7.291e-7
-24735	4.687e-7
-24730	9.895e-7
-24725	6.25e-7
-24720	7.291e-7
-24715	0.0000010417
-24710	8.854e-7
-24705	0.0000011458
-24700	0.0000014063
-24695	8.332e-7
-24690	9.376e-7
-24685	8.332e-7
-24680	8.854e-7
-24675	9.895e-7
-24670	8.854e-7
-24665	4.687e-7
-24660	7.813e-7
-24655	8.854e-7
-24650	0.0000012499
-24645	7.813e-7
-24640	7.291e-7
-24635	7.813e-7
-24630	9.376e-7
-24625	5.209e-7
-24620	7.291e-7
-24615	8.332e-7
-24610	9.895e-7
-24605	8.332e-7
-24600	0.000001198
-24595	9.895e-7
-24590	8.332e-7
-24585	9.376e-7
-24580	7.813e-7
-24575	8.854e-7
-24570	9.376e-7
-24565	0.000001198
-24560	0.0000010936
-24555	9.376e-7
-24550	6.772e-7
-24545	5.731e-7
-24540	0.0000011458
-24535	4.687e-7
-24530	7.813e-7
-24525	8.854e-7
-24520	9.895e-7
-24515	7.813e-7
-24510	6.772e-7
-24505	0.0000010936
-24500	0.000001198
-24495	6.25e-7
-24490	0.0000012499
-24485	8.854e-7
-24480	6.772e-7
-24475	7.813e-7
-24470	8.854e-7
-24465	0.0000010417
-24460	9.895e-7
-24455	8.332e-7
-24450	6.25e-7
-24445	6.25e-7
-24440	0.0000012499
-24435	8.854e-7
-24430	9.895e-7
-24425	8.332e-7
-24420	9.376e-7
-24415	9.895e-7
-24410	9.376e-7
-24405	8.332e-7
-24400	0.0000010417
-24395	6.25e-7
-24390	7.291e-7
-24385	8.854e-7
-24380	8.332e-7
-24375	8.854e-7
-24370	8.332e-7
-24365	8.854e-7
-24360	9.376e-7
-24355	0.0000010417
-24350	0.0000014585
-24345	8.854e-7
-24340	9.376e-7
-24335	0.0000011458
-24330	0.0000012499
-24325	0.0000010417
-24320	9.895e-7
-24315	0.0000013021
-24310	0.0000011458
-24305	8.332e-7
-24300	0.0000010936
-24295	0.0000012499
-24290	0.000001354
-24285	8.332e-7
-24280	0.000001354
-24275	7.813e-7
-24270	0.0000014063
-24265	0.0000014063
-24260	7.813e-7
-24255	8.332e-7
-24250	0.0000010936
-24245	0.0000011458
-24240	8.854e-7
-24235	0.0000010936
-24230	0.0000010417
-24225	0.0000016667
-24220	0.0000013021
-24215	0.0000014063
-24210	0.0000010417
-24205	9.895e-7
-24200	9.895e-7
-24195	0.0000016667
-24190	7.291e-7
-24185	0.0000011458
-24180	9.895e-7
-24175	0.0000015626
-24170	0.0000010417
-24165	0.0000010417
-24160	0.0000019271
-24155	0.0000012499
-24150	0.0000011458
-24145	9.895e-7
-24140	0.0000011458
-24135	0.000001198
-24130	0.0000015104
-24125	8.332e-7
-24120	0.0000011458
-24115	0.0000014063
-24110	9.895e-7
-24105	8.332e-7
-24100	0.0000017708
-24095	9.895e-7
-24090	0.0000015104
-24085	0.0000013021
-24080	0.0000014063
-24075	0.0000012499
-24070	0.000001354
-24065	0.0000016145
-24060	0.0000014585
-24055	0.000001198
-24050	0.000001198
-24045	0.0000014063
-24040	0.0000014063
-24035	0.000001198
-24030	0.0000013021
-24025	0.0000014585
-24020	0.0000016145
-24015	9.376e-7
-24010	0.0000016145
-24005	0.0000010417
-24000	0.0000010417
-23995	0.0000014585
-23990	0.0000017189
-23985	0.0000016667
-23980	0.0000012499
-23975	0.0000015626
-23970	0.0000015626
-23965	0.0000010417
-23960	0.0000011458
-23955	0.0000015104
-23950	9.895e-7
-23945	0.000001823
-23940	0.0000016145
-23935	0.000001198
-23930	0.0000016145
-23925	0.000001198
-23920	0.000001354
-23915	0.0000012499
-23910	0.0000013021
-23905	0.0000016667
-23900	0.0000015626
-23895	0.0000015626
-23890	0.0000021353
-23885	0.0000017708
-23880	0.0000015626
-23875	0.0000016145
-23870	0.0000016145
-23865	0.0000019271
-23860	0.0000013021
-23855	0.0000016667
-23850	0.0000015626
-23845	0.0000020312
-23840	0.0000017189
-23835	0.0000011458
-23830	0.0000018749
-23825	0.0000013021
-23820	0.0000015104
-23815	0.0000019271
-23810	0.0000015626
-23805	0.0000014585
-23800	0.0000014063
-23795	0.0000010936
-23790	0.0000019271
-23785	0.0000017708
-23780	0.0000016667
-23775	0.0000014063
-23770	0.0000016145
-23765	0.0000011458
-23760	0.0000015104
-23755	0.0000012499
-23750	0.0000014063
-23745	0.000001354
-23740	0.000001823
-23735	0.000001354
-23730	0.0000019793
-23725	0.0000015104
-23720	0.0000012499
-23715	0.0000017189
-23710	0.0000016145
-23705	0.0000014063
-23700	0.0000017708
-23695	0.0000020834
-23690	0.000002448
-23685	0.0000010417
-23680	0.0000022916
-23675	0.0000017708
-23670	0.0000023958
-23665	0.0000016145
-23660	0.0000016667
-23655	0.0000017708
-23650	0.0000021875
-23645	0.0000018749
-23640	0.0000019793
-23635	0.0000017708
-23630	0.0000015104
-23625	0.0000023439
-23620	0.0000017189
-23615	0.0000020312
-23610	0.0000018749
-23605	0.0000020834
-23600	0.0000010936
-23595	0.000002448
-23590	0.0000017189
-23585	0.000001198
-23580	0.0000019793
-23575	0.0000015104
-23570	0.0000017189
-23565	0.000001823
-23560	0.000001823
-23555	0.0000019271
-23550	0.0000016145
-23545	0.0000023958
-23540	0.0000020834
-23535	0.0000022916
-23530	0.0000022394
-23525	0.0000022394
-23520	0.000001823
-23515	0.0000022916
-23510	0.0000026562
-23505	0.0000016145
-23500	0.0000023439
-23495	0.0000012499
-23490	0.0000020834
-23485	0.0000019793
-23480	0.0000022394
-23475	0.0000022916
-23470	0.0000022394
-23465	0.000001823
-23460	0.0000018749
-23455	0.0000023958
-23450	0.0000021875
-23445	0.0000020312
-23440	0.0000025521
-23435	0.0000016145
-23430	0.0000025521
-23425	0.0000026562
-23420	0.0000027084
-23415	0.0000022394
-23410	0.0000023439
-23405	0.0000017189
-23400	0.0000020312
-23395	0.0000016667
-23390	0.0000022916
-23385	0.0000026043
-23380	0.000002448
-23375	0.0000023439
-23370	0.0000025521
-23365	0.0000026043
-23360	0.0000020834
-23355	0.0000021875
-23350	0.0000021353
-23345	0.0000025521
-23340	0.0000021353
-23335	0.0000029166
-23330	0.0000016145
-23325	0.0000023958
-23320	0.0000022916
-23315	0.0000017189
-23310	0.0000019271
-23305	0.0000021875
-23300	0.0000021875
-23295	0.0000022394
-23290	0.0000022916
-23285	0.0000023439
-23280	0.000001823
-23275	0.0000028647
-23270	0.0000023958
-23265	0.0000018749
-23260	0.000002448
-23255	0.0000026562
-23250	0.0000024999
-23245	0.0000020312
-23240	0.0000025521
-23235	0.0000023958
-23230	0.0000028647
-23225	0.0000029166
-23220	0.0000023958
-23215	0.0000029688
-23210	0.000002448
-23205	0.0000024999
-23200	0.0000020312
-23195	0.0000019793
-23190	0.0000030729
-23185	0.0000021353
-23180	0.0000024999
-23175	0.0000020834
-23170	0.0000027084
-23165	0.0000026043
-23160	0.0000023958
-23155	0.0000029166
-23150	0.0000028647
-23145	0.0000026562
-23140	0.0000027084
-23135	0.0000023439
-23130	0.000003594
-23125	0.0000029688
-23120	0.0000029688
-23115	0.000003386
-23110	0.0000027603
-23105	0.0000026562
-23100	0.000003542
-23095	0.0000029166
-23090	0.000003281
-23085	0.0000028647
-23080	0.0000027603
-23075	0.0000022394
-23070	0.0000027084
-23065	0.0000026562
-23060	0.0000031251
-23055	0.0000023958
-23050	0.000003177
-23045	0.0000025521
-23040	0.000003437
-23035	0.000003281
-23030	0.0000028647
-23025	0.0000025521
-23020	0.0000021353
-23015	0.000003542
-23010	0.000003177
-23005	0.000003281
-23000	0.0000029166
-22995	0.000003177
-22990	0.000003281
-22985	0.0000029688
-22980	0.000003594
-22975	0.00000375
-22970	0.000003386
-22965	0.000003542
-22960	0.0000028647
-22955	0.000003437
-22950	0.0000029166
-22945	0.000003229
-22940	0.0000030729
-22935	0.0000027603
-22930	0.0000030729
-22925	0.000003698
-22920	0.000003542
-22915	0.000003646
-22910	0.00000349
-22905	0.000003542
-22900	0.000003646
-22895	0.0000031251
-22890	0.0000027084
-22885	0.000002448
-22880	0.000004219
-22875	0.000003646
-22870	0.000003594
-22865	0.000003802
-22860	0.0000027084
-22855	0.000003854
-22850	0.000003177
-22845	0.000003229
-22840	0.000004062
-22835	0.000003594
-22830	0.000003802
-22825	0.000004062
-22820	0.0000029166
-22815	0.00000349
-22810	0.000003177
-22805	0.000004062
-22800	0.0000031251
-22795	0.00000349
-22790	0.000003281
-22785	0.000003594
-22780	0.000003177
-22775	0.000004323
-22770	0.000004115
-22765	0.000003437
-22760	0.000003646
-22755	0.000003542
-22750	0.000003854
-22745	0.000004011
-22740	0.000004687
-22735	0.000003594
-22730	0.0000030729
-22725	0.000003802
-22720	0.00000349
-22715	0.00000375
-22710	0.000003437
-22705	0.000004427
-22700	0.00000375
-22695	0.000004844
-22690	0.000004531
-22685	0.000004375
-22680	0.000004479
-22675	0.000004531
-22670	0.000003594
-22665	0.000004531
-22660	0.000004479
-22655	0.000004167
-22650	0.000004011
-22645	0.000004219
-22640	0.000004323
-22635	0.000004844
-22630	0.00000349
-22625	0.00000375
-22620	0.000004375
-22615	0.000004687
-22610	0.000004219
-22605	0.000004062
-22600	0.000004323
-22595	0.000004531
-22590	0.000004062
-22585	0.000004636
-22580	0.000003906
-22575	0.000004271
-22570	0.000003906
-22565	0.000003333
-22560	0.000004011
-22555	0.00000474
-22550	0.000005208
-22545	0.000004687
-22540	0.000003646
-22535	0.000004583
-22530	0.000004219
-22525	0.000004636
-22520	0.000004583
-22515	0.000005104
-22510	0.000004687
-22505	0.000005156
-22500	0.000004115
-22495	0.000004167
-22490	0.000004323
-22485	0.000004271
-22480	0.000004531
-22475	0.000004375
-22470	0.00000349
-22465	0.000005052
-22460	0.000005312
-22455	0.000005208
-22450	0.000004219
-22445	0.000004844
-22440	0.000004531
-22435	0.000005156
-22430	0.000005833
-22425	0.000004531
-22420	0.000004531
-22415	0.000005781
-22410	0.00000474
-22405	0.000004792
-22400	0.000004844
-22395	0.000004687
-22390	0.000004792
-22385	0.000005156
-22380	0.000004219
-22375	0.000005729
-22370	0.000005833
-22365	0.00000526
-22360	0.000004687
-22355	0.000004479
-22350	0.000005469
-22345	0.000004948
-22340	0.000004792
-22335	0.000003958
-22330	0.000006094
-22325	0.000005521
-22320	0.000006094
-22315	0.000004948
-22310	0.000004792
-22305	0.00000474
-22300	0.000005052
-22295	0.000005573
-22290	0.000005052
-22285	0.000005156
-22280	0.000005365
-22275	0.000005417
-22270	0.00000526
-22265	0.000005885
-22260	0.000005625
-22255	0.000006771
-22250	0.000006094
-22245	0.000004636
-22240	0.000005469
-22235	0.000005521
-22230	0.000005156
-22225	0.000005
-22220	0.000005938
-22215	0.000005469
-22210	0.000005156
-22205	0.000005885
-22200	0.00000526
-22195	0.000005573
-22190	0.000005052
-22185	0.000006198
-22180	0.000005521
-22175	0.00000625
-22170	0.000005469
-22165	0.000005938
-22160	0.00000625
-22155	0.000006302
-22150	0.000007083
-22145	0.000005833
-22140	0.000005833
-22135	0.000005677
-22130	0.000006563
-22125	0.000006042
-22120	0.000006563
-22115	0.000005469
-22110	0.000006406
-22105	0.000006302
-22100	0.000006458
-22095	0.000006406
-22090	0.00000651
-22085	0.000007448
-22080	0.000006667
-22075	0.000005938
-22070	0.00000625
-22065	0.000006615
-22060	0.000006563
-22055	0.000006042
-22050	0.00000625
-22045	0.000006458
-22040	0.000005312
-22035	0.000007135
-22030	0.000007292
-22025	0.000007917
-22020	0.000007135
-22015	0.000006979
-22010	0.000006406
-22005	0.000005938
-22000	0.000006406
-21995	0.000007917
-21990	0.000006771
-21985	0.000006198
-21980	0.000006563
-21975	0.000007031
-21970	0.000006406
-21965	0.000006563
-21960	0.000006771
-21955	0.000006875
-21950	0.000006875
-21945	0.00000776
-21940	0.000006615
-21935	0.000005833
-21930	0.000006875
-21925	0.000007344
-21920	0.000006927
-21915	0.000007552
-21910	0.000007292
-21905	0.000008229
-21900	0.000006927
-21895	0.000007917
-21890	0.000007864
-21885	0.000007188
-21880	0.00000776
-21875	0.000007396
-21870	0.000006667
-21865	0.000006563
-21860	0.000007135
-21855	0.000007083
-21850	0.000008594
-21845	0.000007031
-21840	0.000007708
-21835	0.000008125
-21830	0.0000075
-21825	0.000007708
-21820	0.000008802
-21815	0.000007396
-21810	0.000007135
-21805	0.000007239
-21800	0.000007708
-21795	0.00000875
-21790	0.000007708
-21785	0.000008646
-21780	0.000008073
-21775	0.000007813
-21770	0.000008125
-21765	0.00000875
-21760	0.000006719
-21755	0.000009115
-21750	0.000008438
-21745	0.0000075
-21740	0.000008802
-21735	0.000009323
-21730	0.000008542
-21725	0.000009636
-21720	0.000009323
-21715	0.000007448
-21710	0.000007239
-21705	0.000008646
-21700	0.000007969
-21695	0.000009115
-21690	0.000008385
-21685	0.000008073
-21680	0.000008854
-21675	0.00000849
-21670	0.000008698
-21665	0.000009219
-21660	0.000008646
-21655	0.000009687
-21650	0.000008854
-21645	0.000007969
-21640	0.000009167
-21635	0.000008958
-21630	0.0000075
-21625	0.000009948
-21620	0.000010261
-21615	0.00001
-21610	0.000010156
-21605	0.000010469
-21600	0.000008698
-21595	0.000007708
-21590	0.000009062
-21585	0.000008698
-21580	0.000009323
-21575	0.000009115
-21570	0.000009687
-21565	0.000008906
-21560	0.00000974
-21555	0.000009792
-21550	0.000010885
-21545	0.000010208
-21540	0.000009062
-21535	0.000010365
-21530	0.00001
-21525	0.00001125
-21520	0.000009948
-21515	0.000010365
-21510	0.000010573
-21505	0.000009219
-21500	0.000010885
-21495	0.000010156
-21490	0.00001
-21485	0.000010937
-21480	0.00001
-21475	0.000010469
-21470	0.000010573
-21465	0.000009844
-21460	0.000010208
-21455	0.000009427
-21450	0.000010781
-21445	0.000010885
-21440	0.000011667
-21435	0.000010208
-21430	0.000011615
-21425	0.00001
-21420	0.000010781
-21415	0.00001125
-21410	0.000009844
-21405	0.000010469
-21400	0.000010521
-21395	0.000010781
-21390	0.000010208
-21385	0.000011615
-21380	0.000011771
-21375	0.000011719
-21370	0.000010729
-21365	0.000011563
-21360	0.00001099
-21355	0.000010312
-21350	0.000011354
-21345	0.000011927
-21340	0.000012188
-21335	0.000011354
-21330	0.000011875
-21325	0.000012083
-21320	0.000011354
-21315	0.000011094
-21310	0.000011979
-21305	0.000013177
-21300	0.000013125
-21295	0.000011042
-21290	0.000012708
-21285	0.000012656
-21280	0.000013125
-21275	0.000012135
-21270	0.00001224
-21265	0.000010937
-21260	0.000013229
-21255	0.00001125
-21250	0.000011198
-21245	0.000011406
-21240	0.000010365
-21235	0.000011302
-21230	0.0000125
-21225	0.000014115
-21220	0.000012604
-21215	0.000011094
-21210	0.000012656
-21205	0.000012708
-21200	0.000011771
-21195	0.000012292
-21190	0.000013229
-21185	0.000012708
-21180	0.000014427
-21175	0.000012813
-21170	0.000014427
-21165	0.000011771
-21160	0.000013438
-21155	0.000013073
-21150	0.00001375
-21145	0.000013906
-21140	0.0000125
-21135	0.000014167
-21130	0.000013281
-21125	0.000014427
-21120	0.000014635
-21115	0.000012917
-21110	0.000014167
-21105	0.000014948
-21100	0.000013333
-21095	0.000015573
-21090	0.000013802
-21085	0.000013646
-21080	0.000015625
-21075	0.000014948
-21070	0.000014271
-21065	0.000014167
-21060	0.000014115
-21055	0.000015365
-21050	0.000014583
-21045	0.000014844
-21040	0.000015781
-21035	0.000012604
-21030	0.000014583
-21025	0.000014687
-21020	0.000015261
-21015	0.000015573
-21010	0.000015573
-21005	0.000017344
-21000	0.000014271
-20995	0.000014583
-20990	0.000013177
-20985	0.000015052
-20980	0.000015208
-20975	0.000017292
-20970	0.000015469
-20965	0.000015833
-20960	0.000015677
-20955	0.00001625
-20950	0.000016198
-20945	0.000014896
-20940	0.000016146
-20935	0.000018438
-20930	0.000016198
-20925	0.000017135
-20920	0.000014427
-20915	0.000016875
-20910	0.000015729
-20905	0.000018021
-20900	0.000015729
-20895	0.000016094
-20890	0.000015521
-20885	0.000017708
-20880	0.000017083
-20875	0.000015
-20870	0.000017813
-20865	0.000017135
-20860	0.000017448
-20855	0.000016615
-20850	0.000017813
-20845	0.000016562
-20840	0.000017708
-20835	0.000017708
-20830	0.00001776
-20825	0.000017708
-20820	0.000017292
-20815	0.000018646
-20810	0.000015677
-20805	0.000018906
-20800	0.000018385
-20795	0.000019375
-20790	0.000018542
-20785	0.000018125
-20780	0.000020104
-20775	0.000019635
-20770	0.000017344
-20765	0.000019375
-20760	0.000016979
-20755	0.000018646
-20750	0.000019114
-20745	0.000019114
-20740	0.0000175
-20735	0.000017813
-20730	0.000019114
-20725	0.000019896
-20720	0.000019271
-20715	0.000019688
-20710	0.000021458
-20705	0.000017083
-20700	0.000020313
-20695	0.000017917
-20690	0.000020365
-20685	0.000020365
-20680	0.00002099
-20675	0.00002099
-20670	0.000020573
-20665	0.000019688
-20660	0.000020208
-20655	0.000019114
-20650	0.000020886
-20645	0.000018594
-20640	0.000021562
-20635	0.000020365
-20630	0.00002276
-20625	0.000022031
-20620	0.000020104
-20615	0.000020729
-20610	0.000021511
-20605	0.000021302
-20600	0.000021302
-20595	0.00002099
-20590	0.000022031
-20585	0.000022344
-20580	0.00002099
-20575	0.000021042
-20570	0.000021719
-20565	0.000023802
-20560	0.000020208
-20555	0.000022552
-20550	0.000022708
-20545	0.000023333
-20540	0.000021719
-20535	0.000024115
-20530	0.000023438
-20525	0.000025156
-20520	0.000024219
-20515	0.000022708
-20510	0.000021771
-20505	0.000022865
-20500	0.000021875
-20495	0.00002224
-20490	0.000025364
-20485	0.000023229
-20480	0.0000225
-20475	0.000023385
-20470	0.000021511
-20465	0.000023073
-20460	0.000025625
-20455	0.000022344
-20450	0.000024427
-20445	0.000023906
-20440	0.000023229
-20435	0.000025313
-20430	0.000025208
-20425	0.000024896
-20420	0.000023802
-20415	0.000026875
-20410	0.000025781
-20405	0.000025156
-20400	0.000022969
-20395	0.000024844
-20390	0.000023229
-20385	0.000024688
-20380	0.000026511
-20375	0.00002625
-20370	0.000026042
-20365	0.000028125
-20360	0.000025
-20355	0.000028281
-20350	0.000027031
-20345	0.00002526
-20340	0.000027708
-20335	0.00002849
-20330	0.000026771
-20325	0.000024688
-20320	0.000026615
-20315	0.000027761
-20310	0.000026354
-20305	0.000026615
-20300	0.000024739
-20295	0.000026302
-20290	0.0000275
-20285	0.000026198
-20280	0.000027917
-20275	0.000028958
-20270	0.000028802
-20265	0.000027083
-20260	0.000026667
-20255	0.000029896
-20250	0.000027031
-20245	0.00002625
-20240	0.000026719
-20235	0.000029792
-20230	0.000028021
-20225	0.000028177
-20220	0.000029948
-20215	0.000029063
-20210	0.00003026
-20205	0.000030364
-20200	0.000027969
-20195	0.000026615
-20190	0.000029583
-20185	0.000030833
-20180	0.000027761
-20175	0.000030573
-20170	0.000030833
-20165	0.000031198
-20160	0.00003167
-20155	0.00003
-20150	0.000028646
-20145	0.000029219
-20140	0.000030833
-20135	0.00003
-20130	0.000030364
-20125	0.000030052
-20120	0.000029167
-20115	0.00003359
-20110	0.000031146
-20105	0.000029531
-20100	0.0000337
-20095	0.00003344
-20090	0.00003203
-20085	0.00003125
-20080	0.00003375
-20075	0.00003276
-20070	0.00003302
-20065	0.00003323
-20060	0.00003214
-20055	0.00003417
-20050	0.00003708
-20045	0.00003182
-20040	0.00003474
-20035	0.00003297
-20030	0.00003505
-20025	0.00003302
-20020	0.00003656
-20015	0.00003417
-20010	0.00003375
-20005	0.00003667
-20000	0.00003568
-19995	0.00003599
-19990	0.00003401
-19985	0.00003401
-19980	0.00003313
-19975	0.00003568
-19970	0.00003458
-19965	0.00003615
-19960	0.00003833
-19955	0.00003406
-19950	0.0000337
-19945	0.00003755
-19940	0.00003594
-19935	0.00003589
-19930	0.00003734
-19925	0.00003589
-19920	0.00003604
-19915	0.00003849
-19910	0.00004031
-19905	0.00003661
-19900	0.00003844
-19895	0.00003693
-19890	0.00003766
-19885	0.00003661
-19880	0.00003724
-19875	0.00003677
-19870	0.00003984
-19865	0.00003964
-19860	0.00003792
-19855	0.00004151
-19850	0.00004187
-19845	0.00003677
-19840	0.00003813
-19835	0.0000374
-19830	0.00004031
-19825	0.00004036
-19820	0.00003833
-19815	0.00003984
-19810	0.00004177
-19805	0.00003927
-19800	0.00004104
-19795	0.0000388
-19790	0.00004182
-19785	0.00004193
-19780	0.00004391
-19775	0.00004089
-19770	0.00003969
-19765	0.00004193
-19760	0.00004177
-19755	0.00004224
-19750	0.00004312
-19745	0.0000413
-19740	0.00004406
-19735	0.00004422
-19730	0.00004234
-19725	0.00004354
-19720	0.00004323
-19715	0.00004698
-19710	0.00004302
-19705	0.00004208
-19700	0.00004151
-19695	0.00004469
-19690	0.00004698
-19685	0.00004458
-19680	0.00004729
-19675	0.00004724
-19670	0.00004568
-19665	0.00004583
-19660	0.0000462
-19655	0.00004818
-19650	0.00004526
-19645	0.00004911
-19640	0.00004474
-19635	0.00004812
-19630	0.00004901
-19625	0.00004906
-19620	0.0000488
-19615	0.00004854
-19610	0.00005057
-19605	0.00005036
-19600	0.00004948
-19595	0.00004953
-19590	0.00004953
-19585	0.00005099
-19580	0.00004589
-19575	0.00005089
-19570	0.00004812
-19565	0.00004849
-19560	0.00004771
-19555	0.00005177
-19550	0.00004708
-19545	0.00004729
-19540	0.00005099
-19535	0.00005052
-19530	0.00005214
-19525	0.0000512
-19520	0.00005172
-19515	0.00005141
-19510	0.00005208
-19505	0.00005052
-19500	0.00005229
-19495	0.00005281
-19490	0.00005339
-19485	0.00005333
-19480	0.00005531
-19475	0.00005411
-19470	0.00005854
-19465	0.00005302
-19460	0.00005755
-19455	0.0000537
-19450	0.0000601
-19445	0.00005318
-19440	0.00005484
-19435	0.00005672
-19430	0.00005781
-19425	0.00005708
-19420	0.00005583
-19415	0.00005422
-19410	0.00005563
-19405	0.00005589
-19400	0.00005437
-19395	0.00005865
-19390	0.0000549
-19385	0.00006057
-19380	0.00005844
-19375	0.00005719
-19370	0.0000562
-19365	0.00005797
-19360	0.0000626
-19355	0.0000599
-19350	0.00005719
-19345	0.00006411
-19340	0.00005766
-19335	0.00006177
-19330	0.00006151
-19325	0.00005839
-19320	0.00006094
-19315	0.00006286
-19310	0.00005969
-19305	0.00006505
-19300	0.00006479
-19295	0.00006302
-19290	0.00006156
-19285	0.00006255
-19280	0.00006266
-19275	0.0000649
-19270	0.00006542
-19265	0.0000674
-19260	0.00006781
-19255	0.00006151
-19250	0.0000649
-19245	0.00006661
-19240	0.00006677
-19235	0.00006536
-19230	0.00006594
-19225	0.00006599
-19220	0.00006307
-19215	0.0000701
-19210	0.0000651
-19205	0.00006703
-19200	0.00006562
-19195	0.00006875
-19190	0.00006828
-19185	0.00006818
-19180	0.0000701
-19175	0.0000674
-19170	0.00007031
-19165	0.00006734
-19160	0.00007
-19155	0.00006979
-19150	0.00006932
-19145	0.00007224
-19140	0.00007234
-19135	0.00007167
-19130	0.00006646
-19125	0.00007
-19120	0.00007271
-19115	0.00007229
-19110	0.00007099
-19105	0.00007464
-19100	0.00007354
-19095	0.00007422
-19090	0.00007203
-19085	0.00007141
-19080	0.00007104
-19075	0.00007573
-19070	0.00007115
-19065	0.00007448
-19060	0.00007995
-19055	0.00007578
-19050	0.00007177
-19045	0.00007297
-19040	0.00007651
-19035	0.00007391
-19030	0.00007979
-19025	0.00007557
-19020	0.00007979
-19015	0.00008016
-19010	0.0000775
-19005	0.00007797
-19000	0.00008109
-18995	0.0000775
-18990	0.00007901
-18985	0.00008057
-18980	0.0000799
-18975	0.00008156
-18970	0.00007958
-18965	0.00008333
-18960	0.00008266
-18955	0.00008234
-18950	0.00007984
-18945	0.00008443
-18940	0.00008844
-18935	0.00008047
-18930	0.00008359
-18925	0.00007698
-18920	0.00008411
-18915	0.00008224
-18910	0.00008557
-18905	0.00008266
-18900	0.00008312
-18895	0.00008161
-18890	0.00008833
-18885	0.00008349
-18880	0.00008974
-18875	0.00008453
-18870	0.0000888
-18865	0.00009042
-18860	0.00009167
-18855	0.00008948
-18850	0.00008911
-18845	0.00009021
-18840	0.00009182
-18835	0.00009313
-18830	0.00008865
-18825	0.00009161
-18820	0.00008693
-18815	0.00008875
-18810	0.00009458
-18805	0.0000899
-18800	0.00009542
-18795	0.00008667
-18790	0.0000949
-18785	0.00009604
-18780	0.00009281
-18775	0.00009599
-18770	0.00009302
-18765	0.00009583
-18760	0.00009318
-18755	0.00008901
-18750	0.00009375
-18745	0.00008995
-18740	0.00009469
-18735	0.00009552
-18730	0.0001025
-18725	0.00009651
-18720	0.00009833
-18715	0.00009661
-18710	0.00009714
-18705	0.00009276
-18700	0.00009932
-18695	0.00009958
-18690	0.00010391
-18685	0.00010479
-18680	0.00010161
-18675	0.00009781
-18670	0.00009583
-18665	0.00009828
-18660	0.00010448
-18655	0.00010234
-18650	0.00010411
-18645	0.00010448
-18640	0.00010401
-18635	0.00010318
-18630	0.00010411
-18625	0.00010667
-18620	0.00011099
-18615	0.00010995
-18610	0.00010167
-18605	0.00010766
-18600	0.00010354
-18595	0.00010833
-18590	0.00010786
-18585	0.00010953
-18580	0.00010542
-18575	0.00010865
-18570	0.00010901
-18565	0.000105
-18560	0.00011135
-18555	0.00011115
-18550	0.00011677
-18545	0.00011073
-18540	0.00011089
-18535	0.00011281
-18530	0.00011349
-18525	0.00011391
-18520	0.00011193
-18515	0.00011661
-18510	0.00011604
-18505	0.00011307
-18500	0.00011911
-18495	0.00011896
-18490	0.00011594
-18485	0.00011792
-18480	0.00011839
-18475	0.00011745
-18470	0.00012406
-18465	0.00011839
-18460	0.00012156
-18455	0.00011885
-18450	0.00012214
-18445	0.00011839
-18440	0.00012604
-18435	0.00012307
-18430	0.00012005
-18425	0.00011974
-18420	0.00011823
-18415	0.00012281
-18410	0.00012151
-18405	0.00012182
-18400	0.00012156
-18395	0.00012245
-18390	0.00012036
-18385	0.00012781
-18380	0.00012599
-18375	0.00012297
-18370	0.00013172
-18365	0.00012203
-18360	0.00012714
-18355	0.0001299
-18350	0.00012807
-18345	0.00013542
-18340	0.0001324
-18335	0.0001299
-18330	0.00012583
-18325	0.00012943
-18320	0.00013193
-18315	0.00013229
-18310	0.0001374
-18305	0.00013401
-18300	0.00012714
-18295	0.00013615
-18290	0.00013599
-18285	0.00013818
-18280	0.00013667
-18275	0.00013443
-18270	0.00013063
-18265	0.00013974
-18260	0.00014396
-18255	0.00013594
-18250	0.00013682
-18245	0.00013917
-18240	0.00013401
-18235	0.0001375
-18230	0.00014245
-18225	0.00014167
-18220	0.00014646
-18215	0.00014599
-18210	0.00014406
-18205	0.00014443
-18200	0.00015099
-18195	0.0001399
-18190	0.00014547
-18185	0.00014031
-18180	0.00014042
-18175	0.00014438
-18170	0.00014443
-18165	0.00014865
-18160	0.00014719
-18155	0.00014708
-18150	0.00014781
-18145	0.00014958
-18140	0.00014781
-18135	0.00015078
-18130	0.00014969
-18125	0.0001488
-18120	0.0001538
-18115	0.00014854
-18110	0.00014417
-18105	0.0001474
-18100	0.00015224
-18095	0.00015651
-18090	0.00014844
-18085	0.00014839
-18080	0.00015198
-18075	0.00015198
-18070	0.0001625
-18065	0.0001662
-18060	0.00015724
-18055	0.00015078
-18050	0.00015578
-18045	0.00016063
-18040	0.00015359
-18035	0.00016073
-18030	0.00016198
-18025	0.00016073
-18020	0.00016292
-18015	0.00016094
-18010	0.00015901
-18005	0.00016557
-18000	0.00016188
-17995	0.00015927
-17990	0.0001601
-17985	0.0001624
-17980	0.00016437
-17975	0.00016474
-17970	0.0001663
-17965	0.00016396
-17960	0.000165
-17955	0.00016693
-17950	0.00016349
-17945	0.0001675
-17940	0.00016281
-17935	0.00016813
-17930	0.00016693
-17925	0.00017359
-17920	0.00016625
-17915	0.0001713
-17910	0.00017125
-17905	0.00016979
-17900	0.00017109
-17895	0.00017719
-17890	0.00017599
-17885	0.00017818
-17880	0.00017557
-17875	0.00017323
-17870	0.00017911
-17865	0.0001724
-17860	0.0001824
-17855	0.00017542
-17850	0.00017583
-17845	0.00018063
-17840	0.00018021
-17835	0.00018161
-17830	0.0001787
-17825	0.0001799
-17820	0.00018031
-17815	0.00018234
-17810	0.00017797
-17805	0.00017547
-17800	0.00018229
-17795	0.0001837
-17790	0.00018214
-17785	0.00018453
-17780	0.0001851
-17775	0.00019104
-17770	0.00018948
-17765	0.00018958
-17760	0.00019245
-17755	0.00019276
-17750	0.00019078
-17745	0.00019214
-17740	0.00019125
-17735	0.0001937
-17730	0.00019089
-17725	0.00019042
-17720	0.00019432
-17715	0.00019703
-17710	0.00019036
-17705	0.00019411
-17700	0.00020474
-17695	0.00020021
-17690	0.00019688
-17685	0.00019672
-17680	0.00019495
-17675	0.00020333
-17670	0.00019651
-17665	0.00019667
-17660	0.00019891
-17655	0.00020427
-17650	0.00019625
-17645	0.00020016
-17640	0.00019693
-17635	0.00020703
-17630	0.00019766
-17625	0.00020182
-17620	0.00020151
-17615	0.00020802
-17610	0.00021594
-17605	0.00020948
-17600	0.0002049
-17595	0.00021036
-17590	0.00020344
-17585	0.00021167
-17580	0.00020927
-17575	0.00020318
-17570	0.00020786
-17565	0.00020849
-17560	0.00020729
-17555	0.00021885
-17550	0.00021286
-17545	0.00021651
-17540	0.00020625
-17535	0.00021354
-17530	0.00021062
-17525	0.00021339
-17520	0.00021
-17515	0.00021703
-17510	0.00021406
-17505	0.0002138
-17500	0.00021458
-17495	0.00022234
-17490	0.00022031
-17485	0.00021464
-17480	0.00022047
-17475	0.00021422
-17470	0.0002149
-17465	0.00021635
-17460	0.00022745
-17455	0.00022547
-17450	0.00022281
-17445	0.00022156
-17440	0.00021672
-17435	0.00022036
-17430	0.00021953
-17425	0.00022573
-17420	0.00022104
-17415	0.00022552
-17410	0.00022714
-17405	0.00022724
-17400	0.00022729
-17395	0.0002224
-17390	0.00022865
-17385	0.00022932
-17380	0.00023089
-17375	0.00023255
-17370	0.00023818
-17365	0.00022271
-17360	0.00022802
-17355	0.00023141
-17350	0.00023229
-17345	0.00023042
-17340	0.00022922
-17335	0.00023323
-17330	0.00023042
-17325	0.00023266
-17320	0.00023964
-17315	0.00023688
-17310	0.00023406
-17305	0.00023453
-17300	0.00023484
-17295	0.00023323
-17290	0.00023302
-17285	0.00025073
-17280	0.0002413
-17275	0.00023729
-17270	0.00023771
-17265	0.00024354
-17260	0.00024182
-17255	0.0002438
-17250	0.00023734
-17245	0.00024354
-17240	0.00024031
-17235	0.00024203
-17230	0.0002462
-17225	0.00024125
-17220	0.00024786
-17215	0.00024234
-17210	0.00024115
-17205	0.00024531
-17200	0.00024708
-17195	0.00024182
-17190	0.00025005
-17185	0.00024141
-17180	0.00025573
-17175	0.00024943
-17170	0.00024125
-17165	0.00024135
-17160	0.00026016
-17155	0.00024974
-17150	0.00024307
-17145	0.00025271
-17140	0.00025453
-17135	0.00025172
-17130	0.00025229
-17125	0.00025193
-17120	0.00024943
-17115	0.00025719
-17110	0.00025953
-17105	0.00025682
-17100	0.00024693
-17095	0.00025875
-17090	0.00025156
-17085	0.00025099
-17080	0.00025828
-17075	0.00026417
-17070	0.00025547
-17065	0.00026172
-17060	0.00025344
-17055	0.00026016
-17050	0.0002626
-17045	0.00026229
-17040	0.00025922
-17035	0.00026286
-17030	0.00026214
-17025	0.00026995
-17020	0.00025896
-17015	0.00026083
-17010	0.00026208
-17005	0.00026797
-17000	0.00026589
-16995	0.00026943
-16990	0.00025828
-16985	0.00026844
-16980	0.00027036
-16975	0.00026422
-16970	0.00026599
-16965	0.00027083
-16960	0.00025839
-16955	0.00026521
-16950	0.00026406
-16945	0.00026813
-16940	0.00027026
-16935	0.00027005
-16930	0.00027375
-16925	0.00027391
-16920	0.00027016
-16915	0.0002663
-16910	0.00027156
-16905	0.00027682
-16900	0.00026854
-16895	0.00026943
-16890	0.00026714
-16885	0.00027453
-16880	0.00027073
-16875	0.00027365
-16870	0.00027313
-16865	0.00027469
-16860	0.00028292
-16855	0.00027536
-16850	0.00026964
-16845	0.00027083
-16840	0.00027896
-16835	0.00027495
-16830	0.00027479
-16825	0.00027396
-16820	0.00027568
-16815	0.00027599
-16810	0.00028505
-16805	0.00027542
-16800	0.00027568
-16795	0.00028234
-16790	0.00027422
-16785	0.00028339
-16780	0.00027448
-16775	0.00027781
-16770	0.00029099
-16765	0.00028073
-16760	0.00027948
-16755	0.00028406
-16750	0.00028068
-16745	0.00027693
-16740	0.00027792
-16735	0.00027917
-16730	0.00028073
-16725	0.00028104
-16720	0.0002813
-16715	0.00027771
-16710	0.00028948
-16705	0.00027969
-16700	0.00028875
-16695	0.00028453
-16690	0.00027875
-16685	0.00027776
-16680	0.00027188
-16675	0.00029208
-16670	0.000275
-16665	0.00028292
-16660	0.00028057
-16655	0.00028245
-16650	0.00027906
-16645	0.00028177
-16640	0.00029141
-16635	0.00029193
-16630	0.00028651
-16625	0.00028505
-16620	0.00028807
-16615	0.00028828
-16610	0.00028646
-16605	0.00028104
-16600	0.00028016
-16595	0.00029276
-16590	0.0002901
-16585	0.00028
-16580	0.00028766
-16575	0.00030109
-16570	0.00028802
-16565	0.0002826
-16560	0.00028792
-16555	0.00028458
-16550	0.00029313
-16545	0.00029161
-16540	0.0002863
-16535	0.00027719
-16530	0.0002924
-16525	0.00029234
-16520	0.00028589
-16515	0.000295
-16510	0.00028813
-16505	0.00029521
-16500	0.0002862
-16495	0.00028547
-16490	0.00028031
-16485	0.00028474
-16480	0.00028932
-16475	0.00028745
-16470	0.00029464
-16465	0.00028932
-16460	0.00028089
-16455	0.0002926
-16450	0.00028833
-16445	0.0002887
-16440	0.00028698
-16435	0.00028161
-16430	0.00030177
-16425	0.00028266
-16420	0.00028823
-16415	0.00028927
-16410	0.00029271
-16405	0.0002788
-16400	0.00028922
-16395	0.00028536
-16390	0.00029427
-16385	0.00028396
-16380	0.00028266
-16375	0.00029354
-16370	0.00028724
-16365	0.00029094
-16360	0.00029589
-16355	0.00029406
-16350	0.00029151
-16345	0.00028609
-16340	0.00028792
-16335	0.00028568
-16330	0.0002838
-16325	0.00028313
-16320	0.00028896
-16315	0.00028594
-16310	0.00028547
-16305	0.00029047
-16300	0.00028354
-16295	0.00029036
-16290	0.00027906
-16285	0.00028318
-16280	0.00028615
-16275	0.00027594
-16270	0.00029047
-16265	0.00028911
-16260	0.00028917
-16255	0.00028563
-16250	0.00028198
-16245	0.00028245
-16240	0.00028271
-16235	0.0002812
-16230	0.00027969
-16225	0.00029115
-16220	0.00028708
-16215	0.00029182
-16210	0.00028026
-16205	0.00028281
-16200	0.00028281
-16195	0.00027974
-16190	0.00027995
-16185	0.00029219
-16180	0.00028286
-16175	0.00029396
-16170	0.00028333
-16165	0.00027964
-16160	0.00029198
-16155	0.00029047
-16150	0.00028021
-16145	0.00028255
-16140	0.00027766
-16135	0.0002926
-16130	0.00029391
-16125	0.0002775
-16120	0.00027594
-16115	0.00028615
-16110	0.00028188
-16105	0.00027943
-16100	0.00027266
-16095	0.00027672
-16090	0.00028078
-16085	0.00027922
-16080	0.00028271
-16075	0.00027932
-16070	0.00027984
-16065	0.00027875
-16060	0.00027542
-16055	0.00028141
-16050	0.00028589
-16045	0.00027802
-16040	0.00028443
-16035	0.0002763
-16030	0.00027151
-16025	0.00027089
-16020	0.00027474
-16015	0.00027125
-16010	0.00027182
-16005	0.00026547
-16000	0.00027333
-15995	0.00027349
-15990	0.00026833
-15985	0.00026813
-15980	0.00026219
-15975	0.00026682
-15970	0.00026443
-15965	0.00027083
-15960	0.00025807
-15955	0.00026464
-15950	0.0002613
-15945	0.00026573
-15940	0.00027182
-15935	0.00026536
-15930	0.00026771
-15925	0.00026844
-15920	0.00025714
-15915	0.00026432
-15910	0.00026677
-15905	0.00025943
-15900	0.00026146
-15895	0.00025849
-15890	0.00026974
-15885	0.00025693
-15880	0.00026813
-15875	0.00025557
-15870	0.00026276
-15865	0.00025542
-15860	0.00025552
-15855	0.00025589
-15850	0.0002538
-15845	0.00025047
-15840	0.00025151
-15835	0.0002551
-15830	0.0002674
-15825	0.00025917
-15820	0.00025609
-15815	0.00025365
-15810	0.00025193
-15805	0.00025125
-15800	0.0002501
-15795	0.00025203
-15790	0.00025354
-15785	0.00025443
-15780	0.00024401
-15775	0.00024745
-15770	0.00025698
-15765	0.00024609
-15760	0.0002438
-15755	0.0002438
-15750	0.00024099
-15745	0.00024339
-15740	0.00024677
-15735	0.00024026
-15730	0.00023823
-15725	0.00024938
-15720	0.00024073
-15715	0.00023224
-15710	0.00025094
-15705	0.0002399
-15700	0.00025313
-15695	0.00023313
-15690	0.00023479
-15685	0.00024266
-15680	0.00023875
-15675	0.00024078
-15670	0.00023281
-15665	0.00023505
-15660	0.00023656
-15655	0.00023781
-15650	0.00023245
-15645	0.000235
-15640	0.00023344
-15635	0.00022802
-15630	0.0002338
-15625	0.00023516
-15620	0.00022891
-15615	0.00022984
-15610	0.00023635
-15605	0.00023068
-15600	0.00023094
-15595	0.00022917
-15590	0.00021922
-15585	0.00022208
-15580	0.00022672
-15575	0.00022036
-15570	0.00022682
-15565	0.00021896
-15560	0.00021792
-15555	0.00021547
-15550	0.00022208
-15545	0.00022026
-15540	0.00021813
-15535	0.00021156
-15530	0.00021964
-15525	0.00022104
-15520	0.00022589
-15515	0.00021422
-15510	0.00021984
-15505	0.000215
-15500	0.00020995
-15495	0.00021302
-15490	0.00021828
-15485	0.00021505
-15480	0.00021016
-15475	0.00021005
-15470	0.00021469
-15465	0.00021375
-15460	0.00020859
-15455	0.00019948
-15450	0.00021328
-15445	0.00020578
-15440	0.00021599
-15435	0.00019776
-15430	0.00019922
-15425	0.00019703
-15420	0.00020193
-15415	0.00019594
-15410	0.0001974
-15405	0.00019693
-15400	0.00019943
-15395	0.00019104
-15390	0.00019719
-15385	0.00019708
-15380	0.00019063
-15375	0.00019755
-15370	0.00019594
-15365	0.00019349
-15360	0.00019104
-15355	0.00019505
-15350	0.00018474
-15345	0.00018458
-15340	0.00019448
-15335	0.00018474
-15330	0.00018865
-15325	0.00018365
-15320	0.00018896
-15315	0.00018141
-15310	0.00018604
-15305	0.00018505
-15300	0.00018646
-15295	0.00018573
-15290	0.00017859
-15285	0.00017552
-15280	0.00018297
-15275	0.00017766
-15270	0.00018313
-15265	0.00017172
-15260	0.00017052
-15255	0.00017734
-15250	0.00017432
-15245	0.00016703
-15240	0.00016964
-15235	0.00017406
-15230	0.00017219
-15225	0.00017885
-15220	0.00017255
-15215	0.0001738
-15210	0.00016333
-15205	0.0001699
-15200	0.00016635
-15195	0.00016844
-15190	0.00016005
-15185	0.00016922
-15180	0.00016688
-15175	0.00016328
-15170	0.00016682
-15165	0.00016286
-15160	0.00016792
-15155	0.00016219
-15150	0.00015938
-15145	0.00015141
-15140	0.00015734
-15135	0.0001599
-15130	0.00015979
-15125	0.00015568
-15120	0.00015568
-15115	0.00015682
-15110	0.00015984
-15105	0.00014672
-15100	0.00014974
-15095	0.00015172
-15090	0.00015411
-15085	0.00015104
-15080	0.00014667
-15075	0.0001499
-15070	0.00015339
-15065	0.00014906
-15060	0.00014823
-15055	0.00014911
-15050	0.00014448
-15045	0.00013911
-15040	0.0001476
-15035	0.00014135
-15030	0.00014089
-15025	0.00014365
-15020	0.00013734
-15015	0.00013969
-15010	0.00014062
-15005	0.00013547
-15000	0.00014078
-14995	0.00013203
-14990	0.0001337
-14985	0.0001312
-14980	0.00013333
-14975	0.00013542
-14970	0.00013182
-14965	0.00013229
-14960	0.00012937
-14955	0.00012964
-14950	0.00013
-14945	0.00012656
-14940	0.00012698
-14935	0.00012589
-14930	0.00012208
-14925	0.00012552
-14920	0.00011208
-14915	0.00011495
-14910	0.0001176
-14905	0.00012302
-14900	0.00011922
-14895	0.00011677
-14890	0.00011781
-14885	0.00011844
-14880	0.00011917
-14875	0.00011911
-14870	0.00011599
-14865	0.00011385
-14860	0.00011844
-14855	0.00010938
-14850	0.00011365
-14845	0.00011109
-14840	0.00010854
-14835	0.00010823
-14830	0.0001012
-14825	0.00011307
-14820	0.00010646
-14815	0.00010505
-14810	0.00010802
-14805	0.00010349
-14800	0.00010406
-14795	0.00010089
-14790	0.00010307
-14785	0.00010078
-14780	0.00009802
-14775	0.00010432
-14770	0.00010344
-14765	0.00009755
-14760	0.00010062
-14755	0.0000976
-14750	0.00009719
-14745	0.00009859
-14740	0.00009573
-14735	0.00009297
-14730	0.00009526
-14725	0.00009417
-14720	0.00009328
-14715	0.0000975
-14710	0.00009198
-14705	0.00009052
-14700	0.00009328
-14695	0.00009021
-14690	0.00009177
-14685	0.00009016
-14680	0.00008818
-14675	0.00008505
-14670	0.00008375
-14665	0.00009083
-14660	0.000085
-14655	0.00008708
-14650	0.00008292
-14645	0.00007438
-14640	0.00008484
-14635	0.000085
-14630	0.00008109
-14625	0.0000862
-14620	0.00007958
-14615	0.00007667
-14610	0.00007964
-14605	0.00007536
-14600	0.0000813
-14595	0.00007714
-14590	0.00007198
-14585	0.0000751
-14580	0.00007802
-14575	0.00007651
-14570	0.00007052
-14565	0.00007469
-14560	0.00007151
-14555	0.00007276
-14550	0.00007313
-14545	0.00007146
-14540	0.00006932
-14535	0.00007005
-14530	0.0000638
-14525	0.00006682
-14520	0.00006562
-14515	0.00006672
-14510	0.00006396
-14505	0.00006474
-14500	0.00007
-14495	0.00006062
-14490	0.00006318
-14485	0.00006339
-14480	0.00006479
-14475	0.00006198
-14470	0.00006292
-14465	0.00005979
-14460	0.00005953
-14455	0.00005969
-14450	0.00006161
-14445	0.00006339
-14440	0.00005958
-14435	0.0000563
-14430	0.00005542
-14425	0.0000574
-14420	0.00005464
-14415	0.00005656
-14410	0.00005521
-14405	0.00005396
-14400	0.00005672
-14395	0.00005865
-14390	0.00005401
-14385	0.00005958
-14380	0.00005177
-14375	0.00005406
-14370	0.00004943
-14365	0.00005286
-14360	0.00004958
-14355	0.00005005
-14350	0.00004953
-14345	0.00004833
-14340	0.00005172
-14335	0.00004891
-14330	0.00004844
-14325	0.00004552
-14320	0.0000463
-14315	0.00004521
-14310	0.00005047
-14305	0.00004875
-14300	0.00004641
-14295	0.0000499
-14290	0.00004224
-14285	0.00004464
-14280	0.00004333
-14275	0.00004552
-14270	0.00004667
-14265	0.00004464
-14260	0.00004151
-14255	0.00004302
-14250	0.00004047
-14245	0.00004245
-14240	0.00003979
-14235	0.00003927
-14230	0.00004328
-14225	0.00004094
-14220	0.00004177
-14215	0.00003922
-14210	0.00003656
-14205	0.00003646
-14200	0.0000413
-14195	0.00003719
-14190	0.00003719
-14185	0.00003891
-14180	0.00003818
-14175	0.00003828
-14170	0.00003625
-14165	0.00003885
-14160	0.0000376
-14155	0.000031615
-14150	0.00003177
-14145	0.00003359
-14140	0.00003505
-14135	0.00003286
-14130	0.000028646
-14125	0.00003349
-14120	0.0000324
-14115	0.00003198
-14110	0.000030313
-14105	0.000031354
-14100	0.000028281
-14095	0.00003203
-14090	0.00003151
-14085	0.00003318
-14080	0.000030104
-14075	0.0000275
-14070	0.00002724
-14065	0.000026406
-14060	0.000026042
-14055	0.000026979
-14050	0.000023906
-14045	0.000027448
-14040	0.000027812
-14035	0.000025052
-14030	0.000025781
-14025	0.000026562
-14020	0.000024271
-14015	0.000025313
-14010	0.00002349
-14005	0.000023854
-14000	0.00002276
-13995	0.000025156
-13990	0.000023021
-13985	0.000021562
-13980	0.000020313
-13975	0.000021042
-13970	0.000022552
-13965	0.000021875
-13960	0.000022031
-13955	0.000022292
-13950	0.000020677
-13945	0.000022031
-13940	0.000023385
-13935	0.00002099
-13930	0.000021667
-13925	0.000019948
-13920	0.000019844
-13915	0.000019583
-13910	0.000021719
-13905	0.000020313
-13900	0.000023385
-13895	0.000020625
-13890	0.000019739
-13885	0.000022344
-13880	0.000017083
-13875	0.00001875
-13870	0.000020729
-13865	0.000018385
-13860	0.000016875
-13855	0.000017813
-13850	0.000018073
-13845	0.00001724
-13840	0.000018906
-13835	0.00001651
-13830	0.00001474
-13825	0.000015208
-13820	0.000016979
-13815	0.000017187
-13810	0.000016875
-13805	0.000015312
-13800	0.000016354
-13795	0.000017083
-13790	0.000014479
-13785	0.000013542
-13780	0.000012552
-13775	0.000014792
-13770	0.000013906
-13765	0.000014063
-13760	0.000013698
-13755	0.000014948
-13750	0.000014219
-13745	0.00001651
-13740	0.000014792
-13735	0.000012864
-13730	0.000014323
-13725	0.000013333
-13720	0.000013646
-13715	0.000013802
-13710	0.000012604
-13705	0.00001151
-13700	0.000009896
-13695	0.000010677
-13690	0.000011406
-13685	0.000011719
-13680	0.000010521
-13675	0.000009375
-13670	0.000010937
-13665	0.000010469
-13660	0.000011302
-13655	0.00001099
-13650	0.000008646
-13645	0.000008698
-13640	0.000008854
-13635	0.000009323
-13630	0.000008594
-13625	0.000010208
-13620	0.000007969
-13615	0.000009375
-13610	0.00000875
-13605	0.000007969
-13600	0.000007344
-13595	0.000007239
-13590	0.000005885
-13585	0.000006042
-13580	0.00000625
-13575	0.000008906
-13570	0.000007604
-13565	0.000007239
-13560	0.000008125
-13555	0.000007292
-13550	0.000007083
-13545	0.000007396
-13540	0.000007448
-13535	0.000009531
-13530	0.000006927
-13525	0.000007292
-13520	0.000007135
-13515	0.000008333
-13510	0.000007656
-13505	0.000006198
-13500	0.000006354
-13495	0.00000776
-13490	0.000005833
-13485	0.000006458
-13480	0.000005417
-13475	0.000007656
-13470	0.000005677
-13465	0.000005677
-13460	0.000003386
-13455	0.000005833
-13450	0.000004062
-13445	0.000005
-13440	0.000004948
-13435	0.00000599
-13430	0.000005312
-13425	0.000005156
-13420	0.00000526
-13415	0.000004219
-13410	0.00000375
-13405	0.000005052
-13400	0.0000026043
-13395	0.000004323
-13390	0.000004479
-13385	0.000003958
-13380	0.000004479
-13375	0.0000031251
-13370	0.000003802
-13365	0.00000375
-13360	0.000003594
-13355	0.00000526
-13350	0.000003958
-13345	0.000003386
-13340	0.000003333
-13335	0.000003542
-13330	0.000004427
-13325	0.0000027084
-13320	0.0000027084
-13315	0.000003177
-13310	0.0000030729
-13305	0.000004115
-13300	0.000001823
-13295	0.0000026043
-13290	0.0000016667
-13285	0.0000028125
-13280	0.000003646
-13275	0.0000029688
-13270	0.0000029166
-13265	0.00000375
-13260	0.0000026043
-13255	0.00000375
-13250	0.0000027603
-13245	0.0000021353
-13240	0.0000023958
-13235	0.0000021875
-13230	0.0000016667
-13225	0.0000023439
-13220	0.0000027603
-13215	0.00000349
-13210	0.0000022916
-13205	0.0000022394
-13200	0.0000021353
-13195	0.0000023958
-13190	0.0000020312
-13185	0.0000017708
-13180	0.0000022916
-13175	0.0000019793
-13170	0.0000025521
-13165	0.0000019271
-13160	0.0000017189
-13155	0.0000012499
-13150	0.0000016145
-13145	0.0000018749
-13140	0.0000020312
-13135	0.0000016667
-13130	0.0000015626
-13125	0.0000016667
-13120	0.0000017708
-13115	0.0000018749
-13110	0.0000022916
-13105	0.0000015626
-13100	9.895e-7
-13095	0.0000013021
-13090	0.0000015104
-13085	6.772e-7
-13080	0.0000015104
-13075	7.813e-7
-13070	9.376e-7
-13065	9.376e-7
-13060	8.332e-7
-13055	0.0000015626
-13050	4.687e-7
-13045	9.895e-7
-13040	6.772e-7
-13035	7.813e-7
-13030	3.645e-7
-13025	7.291e-7
-13020	5.731e-7
-13015	3.1263e-7
-13010	5.731e-7
-13005	7.813e-7
-13000	3.645e-7
-12995	4.167e-7
-12990	4.687e-7
-12985	7.291e-7
-12980	0.0000010417
-12975	2.0822e-7
-12970	4.167e-7
-12965	2.0822e-7
-12960	2.6043e-7
-12955	2.6043e-7
-12950	4.167e-7
-12945	5.221e-8
-12940	5.209e-7
-12935	2.6043e-7
-12930	4.167e-7
-12925	1.5632e-7
-12920	4.167e-7
-12915	5.221e-8
-12910	2.0822e-7
-12905	5.221e-8
-12900	5.221e-8
-12895	2.6043e-7
-12890	5.221e-8
-12885	3.1263e-7
-12880	5.221e-8
