-11331	0
-11326	0
-11321	0
-11316	6.119e-8
-11311	6.381e-8
-11306	1.0997e-7
-11301	1.2361e-7
-11296	0
-11291	1.2815e-7
-11286	8.287e-8
-11281	0
-11276	6.556e-8
-11271	6.364e-8
-11266	0
-11261	1.3042e-7
-11256	8.444e-8
-11251	1.5385e-7
-11246	2.2676e-7
-11241	1.25e-7
-11236	1.4896e-7
-11231	1.4931e-7
-11226	0
-11221	6.574e-8
-11216	0
-11211	0
-11206	6.486e-8
-11201	1.1189e-7
-11196	1.7466e-7
-11191	1.9669e-7
-11186	0
-11181	6.731e-8
-11176	0
-11171	1.9127e-7
-11166	1.4459e-7
-11161	1.3357e-7
-11156	1.7256e-7
-11151	1.4686e-7
-11146	0
-11141	6.574e-8
-11136	1.1312e-7
-11131	2.2658e-7
-11126	2.1295e-7
-11121	2.5456e-7
-11116	2.1941e-7
-11111	3.348e-7
-11106	3.0998e-7
-11101	2.7484e-7
-11096	2.1469e-7
-11091	2.3672e-7
-11086	1.285e-7
-11081	2.0176e-7
-11076	1.2413e-7
-11071	6.661e-8
-11066	2.119e-7
-11061	2.2396e-7
-11056	1.4756e-7
-11051	1.327e-7
-11046	4.747e-7
-11041	3.194e-7
-11036	1.9773e-7
-11031	2.4284e-7
-11026	0
-11021	3.39e-7
-11016	3.907e-7
-11011	3.0561e-7
-11006	2.2658e-7
-11001	1.0805e-7
-10996	3.373e-7
-10991	5.455e-7
-10986	6.429e-7
-10981	6.325e-7
-10976	3.682e-7
-10971	2.2309e-7
-10966	3.932e-7
-10961	2.4756e-7
-10956	2.7344e-7
-10951	2.4144e-7
-10946	3.0788e-7
-10941	3.574e-7
-10936	4.546e-7
-10931	3.89e-7
-10926	0
-10921	3.64e-7
-10916	3.325e-7
-10911	4.268e-7
-10906	5.387e-7
-10901	7.081e-7
-10896	5.38e-7
-10891	2.6749e-7
-10886	6.089e-7
-10881	5.22e-7
-10876	9.367e-7
-10871	7.285e-7
-10866	3.705e-7
-10861	2.7798e-7
-10856	4.857e-7
-10851	5.074e-7
-10846	4.299e-7
-10841	3.233e-7
-10836	7.443e-7
-10831	9.13e-7
-10826	8.256e-7
-10821	9.121e-7
-10816	5.853e-7
-10811	5.203e-7
-10806	8.067e-7
-10801	9.298e-7
-10796	4.755e-7
-10791	5.649e-7
-10786	8.864e-7
-10781	7.985e-7
-10776	6.572e-7
-10771	6.371e-7
-10766	7.322e-7
-10761	7.74e-7
-10756	7.486e-7
-10751	9.044e-7
-10746	0.0000012847
-10741	0.0000014097
-10736	0.0000010738
-10731	9.745e-7
-10726	9.308e-7
-10721	9.687e-7
-10716	8.084e-7
-10711	6.782e-7
-10706	8.637e-7
-10701	9.756e-7
-10696	0.0000012329
-10691	0.000001271
-10686	0.0000011903
-10681	0.0000010887
-10676	0.0000014231
-10671	0.00000141
-10666	0.0000012284
-10661	0.0000013548
-10656	0.0000014772
-10651	0.0000014289
-10646	0.0000012983
-10641	0.0000012415
-10636	0.0000014368
-10631	0.0000014025
-10626	0.0000014765
-10621	0.0000013709
-10616	0.0000020398
-10611	0.0000016441
-10606	0.0000021697
-10601	0.0000022959
-10596	0.0000019933
-10591	0.000002159
-10586	0.0000019994
-10581	0.0000013614
-10576	0.000001417
-10571	0.0000017364
-10566	0.0000016981
-10561	0.0000019929
-10556	0.0000022941
-10551	0.0000023087
-10546	0.0000018906
-10541	0.0000027178
-10536	0.0000026669
-10531	0.0000019532
-10526	0.0000021137
-10521	0.0000021915
-10516	0.0000022803
-10511	0.0000022691
-10506	0.0000021623
-10501	0.0000024662
-10496	0.0000027658
-10491	0.0000028917
-10486	0.0000022726
-10481	0.0000021267
-10476	0.0000030653
-10471	0.000002994
-10466	0.0000028111
-10461	0.000003353
-10456	0.000003664
-10451	0.0000029043
-10446	0.0000024609
-10441	0.0000031026
-10436	0.000003667
-10431	0.0000027118
-10426	0.0000030136
-10421	0.000003769
-10416	0.000003415
-10411	0.000003874
-10406	0.000003764
-10401	0.00000326
-10396	0.000003189
-10391	0.000003321
-10386	0.000003181
-10381	0.000003204
-10376	0.000003851
-10371	0.000003986
-10366	0.000004075
-10361	0.00000388
-10356	0.000003746
-10351	0.000003917
-10346	0.000003303
-10341	0.000003305
-10336	0.000003871
-10331	0.000004222
-10326	0.000004193
-10321	0.000003992
-10316	0.000003636
-10311	0.000004582
-10306	0.000004921
-10301	0.000004524
-10296	0.000004821
-10291	0.000005569
-10286	0.000005293
-10281	0.000005455
-10276	0.000004732
-10271	0.000005141
-10266	0.000004756
-10261	0.000004574
-10256	0.000004963
-10251	0.000005196
-10246	0.000005353
-10241	0.000005143
-10236	0.000005609
-10231	0.000005831
-10226	0.000005987
-10221	0.000005705
-10216	0.00000502
-10211	0.000006003
-10206	0.000005924
-10201	0.000006118
-10196	0.000005162
-10191	0.000005063
-10186	0.000005504
-10181	0.000005943
-10176	0.000006158
-10171	0.00000596
-10166	0.000006912
-10161	0.000006142
-10156	0.000006345
-10151	0.000006629
-10146	0.000006259
-10141	0.00000698
-10136	0.000007325
-10131	0.000006956
-10126	0.00000669
-10121	0.000007462
-10116	0.000006908
-10111	0.000007307
-10106	0.000007473
-10101	0.000006745
-10096	0.000007168
-10091	0.000006166
-10086	0.000007347
-10081	0.000007248
-10076	0.000007539
-10071	0.000007992
-10066	0.000007805
-10061	0.000008217
-10056	0.000007781
-10051	0.000007547
-10046	0.000007978
-10041	0.000007784
-10036	0.000008366
-10031	0.000007977
-10026	0.000008105
-10021	0.000007418
-10016	0.000009233
-10011	0.000008784
-10006	0.000007618
-10001	0.000009103
-9996	0.000009625
-9991	0.000010602
-9986	0.000009602
-9981	0.000008948
-9976	0.000008815
-9971	0.000009372
-9966	0.000011364
-9961	0.0000098
-9956	0.00000854
-9951	0.000010225
-9946	0.000010278
-9941	0.000009143
-9936	0.000009847
-9931	0.000009378
-9926	0.000010261
-9921	0.000011645
-9916	0.000010496
-9911	0.000010711
-9906	0.00001019
-9901	0.000010064
-9896	0.000010042
-9891	0.000011284
-9886	0.000011565
-9881	0.000010482
-9876	0.000012014
-9871	0.000010836
-9866	0.000009829
-9861	0.000009116
-9856	0.000010645
-9851	0.000010688
-9846	0.00001142
-9841	0.000013273
-9836	0.000011877
-9831	0.000010319
-9826	0.000010876
-9821	0.000011471
-9816	0.000013696
-9811	0.000014196
-9806	0.000014631
-9801	0.000012507
-9796	0.000013657
-9791	0.000012886
-9786	0.000012695
-9781	0.000013323
-9776	0.000013678
-9771	0.000012715
-9766	0.000012355
-9761	0.000013476
-9756	0.000013664
-9751	0.000012372
-9746	0.000013158
-9741	0.000014453
-9736	0.000014547
-9731	0.000013512
-9726	0.000013866
-9721	0.000013495
-9716	0.000015164
-9711	0.000014288
-9706	0.00001621
-9701	0.000014934
-9696	0.000013844
-9691	0.000015124
-9686	0.000013913
-9681	0.0000149
-9676	0.000014795
-9671	0.000015692
-9666	0.000016219
-9661	0.000015358
-9656	0.000015782
-9651	0.00001695
-9646	0.00001641
-9641	0.000016657
-9636	0.000017688
-9631	0.000018165
-9626	0.000018388
-9621	0.000017646
-9616	0.000015803
-9611	0.000016724
-9606	0.000018204
-9601	0.000018203
-9596	0.000018334
-9591	0.000018007
-9586	0.000017041
-9581	0.000017306
-9576	0.00002029
-9571	0.000020588
-9566	0.0000186
-9561	0.000018433
-9556	0.000017421
-9551	0.000018158
-9546	0.000018492
-9541	0.000019716
-9536	0.000019922
-9531	0.000019021
-9526	0.000018821
-9521	0.000021375
-9516	0.000020804
-9511	0.000020539
-9506	0.000020415
-9501	0.000020707
-9496	0.000019138
-9491	0.000021436
-9486	0.000021184
-9481	0.000022269
-9476	0.000022284
-9471	0.00002217
-9466	0.000022738
-9461	0.000021222
-9456	0.000021245
-9451	0.000022078
-9446	0.000024477
-9441	0.000021981
-9436	0.000020923
-9431	0.000023707
-9426	0.000023326
-9421	0.000022517
-9416	0.000023149
-9411	0.000023706
-9406	0.000025684
-9401	0.000023761
-9396	0.000022701
-9391	0.000021104
-9386	0.000022857
-9381	0.000023979
-9376	0.000022971
-9371	0.00002547
-9366	0.000025746
-9361	0.000025251
-9356	0.000024841
-9351	0.000025822
-9346	0.000027689
-9341	0.000026472
-9336	0.00002639
-9331	0.000024882
-9326	0.000027065
-9321	0.000025378
-9316	0.000026828
-9311	0.000023812
-9306	0.000026381
-9301	0.000027137
-9296	0.000026456
-9291	0.000028322
-9286	0.000027341
-9281	0.000028174
-9276	0.00002875
-9271	0.000026792
-9266	0.00002746
-9261	0.000028322
-9256	0.000027796
-9251	0.000027753
-9246	0.000027176
-9241	0.000028071
-9236	0.000026151
-9231	0.00003229
-9226	0.00003209
-9221	0.000029246
-9216	0.000030156
-9211	0.000028731
-9206	0.000031421
-9201	0.000029371
-9196	0.000029931
-9191	0.000029268
-9186	0.000030346
-9181	0.00003252
-9176	0.00003363
-9171	0.0000326
-9166	0.000031597
-9161	0.000030938
-9156	0.00003185
-9151	0.000031021
-9146	0.000030902
-9141	0.00003167
-9136	0.00003211
-9131	0.00003289
-9126	0.000031062
-9121	0.00003407
-9116	0.00003566
-9111	0.00003308
-9106	0.00003365
-9101	0.00003599
-9096	0.0000394
-9091	0.00003466
-9086	0.00003484
-9081	0.00003734
-9076	0.00003425
-9071	0.00003506
-9066	0.00003939
-9061	0.00003561
-9056	0.00004036
-9051	0.00003925
-9046	0.00003853
-9041	0.00003707
-9036	0.00003668
-9031	0.00003608
-9026	0.0000341
-9021	0.00003658
-9016	0.00003857
-9011	0.00003884
-9006	0.00003722
-9001	0.00003815
-8996	0.00004254
-8991	0.0000409
-8986	0.00004063
-8981	0.00004037
-8976	0.00003945
-8971	0.00003871
-8966	0.00004151
-8961	0.00004319
-8956	0.00004131
-8951	0.00004113
-8946	0.0000395
-8941	0.00003922
-8936	0.00003879
-8931	0.00004502
-8926	0.00004582
-8921	0.00004336
-8916	0.00004603
-8911	0.00004607
-8906	0.00004382
-8901	0.00004335
-8896	0.00004478
-8891	0.00004495
-8886	0.00004369
-8881	0.00004424
-8876	0.00004175
-8871	0.00004215
-8866	0.00004367
-8861	0.00004514
-8856	0.00004614
-8851	0.00004793
-8846	0.00004345
-8841	0.00004539
-8836	0.00004503
-8831	0.00004804
-8826	0.00004554
-8821	0.00004973
-8816	0.00004553
-8811	0.00004557
-8806	0.00004645
-8801	0.00004512
-8796	0.00004637
-8791	0.00004645
-8786	0.00004446
-8781	0.00004707
-8776	0.00004788
-8771	0.00004825
-8766	0.00005108
-8761	0.00004953
-8756	0.00004838
-8751	0.00004528
-8746	0.00004501
-8741	0.00004589
-8736	0.00004822
-8731	0.00004864
-8726	0.00005111
-8721	0.00005072
-8716	0.00005205
-8711	0.00005391
-8706	0.00004944
-8701	0.00005435
-8696	0.00005761
-8691	0.00005175
-8686	0.00005107
-8681	0.00005088
-8676	0.00005376
-8671	0.00005142
-8666	0.0000515
-8661	0.00005219
-8656	0.00005189
-8651	0.00005484
-8646	0.00005632
-8641	0.00005578
-8636	0.00005769
-8631	0.00005485
-8626	0.00005596
-8621	0.00005799
-8616	0.00005844
-8611	0.00005716
-8606	0.00005468
-8601	0.00005599
-8596	0.00005826
-8591	0.00005407
-8586	0.00005838
-8581	0.000058
-8576	0.00005814
-8571	0.00005977
-8566	0.00005672
-8561	0.00005802
-8556	0.00006039
-8551	0.00006115
-8546	0.00005857
-8541	0.00005817
-8536	0.00006038
-8531	0.00006096
-8526	0.00006045
-8521	0.00006256
-8516	0.00006046
-8511	0.00005648
-8506	0.00005816
-8501	0.00005808
-8496	0.00006091
-8491	0.00006112
-8486	0.00006085
-8481	0.0000575
-8476	0.00006306
-8471	0.00006467
-8466	0.00006338
-8461	0.00005699
-8456	0.00005665
-8451	0.00006173
-8446	0.00006092
-8441	0.00006654
-8436	0.00006455
-8431	0.00006577
-8426	0.00006661
-8421	0.00006368
-8416	0.0000644
-8411	0.00006651
-8406	0.00006415
-8401	0.00006303
-8396	0.00006074
-8391	0.00006395
-8386	0.00005876
-8381	0.00006504
-8376	0.00006927
-8371	0.00006495
-8366	0.00006848
-8361	0.00006508
-8356	0.00006464
-8351	0.00006786
-8346	0.00006902
-8341	0.00007035
-8336	0.00006921
-8331	0.0000672
-8326	0.0000684
-8321	0.00006701
-8316	0.00006711
-8311	0.00006841
-8306	0.00007045
-8301	0.00007143
-8296	0.00007144
-8291	0.00006807
-8286	0.00007037
-8281	0.00006616
-8276	0.00006661
-8271	0.00006557
-8266	0.00007416
-8261	0.00007085
-8256	0.00007129
-8251	0.00007089
-8246	0.00007004
-8241	0.00007639
-8236	0.00007082
-8231	0.00006822
-8226	0.00007299
-8221	0.0000724
-8216	0.00007141
-8211	0.00007297
-8206	0.00006972
-8201	0.00007021
-8196	0.00007449
-8191	0.00007674
-8186	0.00007607
-8181	0.00007178
-8176	0.00007175
-8171	0.00007585
-8166	0.00007415
-8161	0.000072
-8156	0.00007557
-8151	0.0000737
-8146	0.00007472
-8141	0.00007466
-8136	0.00007688
-8131	0.00006863
-8126	0.00007753
-8121	0.00007104
-8116	0.00007424
-8111	0.0000712
-8106	0.00007928
-8101	0.00007706
-8096	0.00007816
-8091	0.00007504
-8086	0.00007374
-8081	0.00007669
-8076	0.00007593
-8071	0.00007562
-8066	0.00007364
-8061	0.0000774
-8056	0.00007578
-8051	0.00007536
-8046	0.00007923
-8041	0.00008213
-8036	0.00008432
-8031	0.00008102
-8026	0.00007339
-8021	0.00007531
-8016	0.00007703
-8011	0.00008055
-8006	0.00008338
-8001	0.00007867
-7996	0.0000726
-7991	0.00007775
-7986	0.00008202
-7981	0.00007993
-7976	0.00007586
-7971	0.00007289
-7966	0.00007867
-7961	0.00008176
-7956	0.0000844
-7951	0.00008322
-7946	0.00007918
-7941	0.00007959
-7936	0.00007834
-7931	0.00007847
-7926	0.00008177
-7921	0.00007707
-7916	0.0000786
-7911	0.00008258
-7906	0.0000803
-7901	0.00008092
-7896	0.00008165
-7891	0.00007919
-7886	0.00008102
-7881	0.00008068
-7876	0.00008233
-7871	0.00008245
-7866	0.00008169
-7861	0.00008218
-7856	0.00008185
-7851	0.00008644
-7846	0.00008874
-7841	0.0000821
-7836	0.0000807
-7831	0.0000856
-7826	0.00009083
-7821	0.00008521
-7816	0.00008528
-7811	0.00008322
-7806	0.00008652
-7801	0.00008278
-7796	0.00008355
-7791	0.00009091
-7786	0.00008952
-7781	0.00008548
-7776	0.0000822
-7771	0.00008284
-7766	0.00008777
-7761	0.00008524
-7756	0.00008634
-7751	0.00008495
-7746	0.00008467
-7741	0.00008578
-7736	0.00008846
-7731	0.00008426
-7726	0.00008527
-7721	0.00008567
-7716	0.00008481
-7711	0.00008692
-7706	0.00008625
-7701	0.00009048
-7696	0.00008769
-7691	0.00008552
-7686	0.00008769
-7681	0.00008558
-7676	0.00008514
-7671	0.00008751
-7666	0.00008894
-7661	0.00008612
-7656	0.00008752
-7651	0.00009178
-7646	0.00008549
-7641	0.00008873
-7636	0.00008882
-7631	0.0000957
-7626	0.0000891
-7621	0.00008868
-7616	0.00008678
-7611	0.00008671
-7606	0.00008217
-7601	0.00008353
-7596	0.00008392
-7591	0.00009311
-7586	0.00008917
-7581	0.00009198
-7576	0.0000957
-7571	0.00009483
-7566	0.00009271
-7561	0.00009105
-7556	0.0000931
-7551	0.0000859
-7546	0.00008564
-7541	0.00009172
-7536	0.00008682
-7531	0.00009372
-7526	0.00009819
-7521	0.00008931
-7516	0.00008754
-7511	0.00009131
-7506	0.00008988
-7501	0.00009372
-7496	0.00008857
-7491	0.00009019
-7486	0.00009385
-7481	0.00009584
-7476	0.00008592
-7471	0.00008833
-7466	0.00009102
-7461	0.00010186
-7456	0.00008902
-7451	0.0000886
-7446	0.00009137
-7441	0.00009275
-7436	0.00009463
-7431	0.00009298
-7426	0.00009622
-7421	0.00009254
-7416	0.00008608
-7411	0.00009355
-7406	0.00009292
-7401	0.00008654
-7396	0.00009475
-7391	0.00009026
-7386	0.00009073
-7381	0.00009535
-7376	0.00009091
-7371	0.00009302
-7366	0.00009068
-7361	0.00009198
-7356	0.00009469
-7351	0.00008969
-7346	0.0000897
-7341	0.00009137
-7336	0.0000918
-7331	0.00008731
-7326	0.00009286
-7321	0.00009462
-7316	0.00010048
-7311	0.00009286
-7306	0.00009274
-7301	0.00009531
-7296	0.0000967
-7291	0.00009443
-7286	0.00009752
-7281	0.00009553
-7276	0.00009033
-7271	0.00009618
-7266	0.0000942
-7261	0.00009393
-7256	0.00009866
-7251	0.00009367
-7246	0.0000968
-7241	0.00009402
-7236	0.00009035
-7231	0.00009216
-7226	0.00009067
-7221	0.00009187
-7216	0.00010233
-7211	0.00009698
-7206	0.00009725
-7201	0.00009909
-7196	0.00009356
-7191	0.00009684
-7186	0.00009367
-7181	0.000096
-7176	0.00009559
-7171	0.00009559
-7166	0.00009583
-7161	0.00009705
-7156	0.00009495
-7151	0.00009498
-7146	0.00009894
-7141	0.00009876
-7136	0.00009752
-7131	0.00010001
-7126	0.00010014
-7121	0.0000977
-7116	0.00009548
-7111	0.00010444
-7106	0.0000962
-7101	0.00010072
-7096	0.00010175
-7091	0.00009639
-7086	0.0001015
-7081	0.00009722
-7076	0.00009698
-7071	0.00009534
-7066	0.00010315
-7061	0.00010155
-7056	0.00009855
-7051	0.00010707
-7046	0.00010098
-7041	0.00010113
-7036	0.00010118
-7031	0.00009873
-7026	0.00010144
-7021	0.0000997
-7016	0.0000954
-7011	0.00009738
-7006	0.00009921
-7001	0.00010628
-6996	0.00009638
-6991	0.00009633
-6986	0.00009905
-6981	0.00009607
-6976	0.00009749
-6971	0.00010176
-6966	0.00010381
-6961	0.00010254
-6956	0.00009683
-6951	0.00010168
-6946	0.00010091
-6941	0.00009547
-6936	0.00010633
-6931	0.0001074
-6926	0.00010096
-6921	0.00009832
-6916	0.00009799
-6911	0.00009721
-6906	0.00010363
-6901	0.00010158
-6896	0.0001001
-6891	0.00010412
-6886	0.00010078
-6881	0.00010275
-6876	0.00010339
-6871	0.00010176
-6866	0.000103
-6861	0.00010534
-6856	0.00010688
-6851	0.00009883
-6846	0.0001054
-6841	0.00010524
-6836	0.0001027
-6831	0.00010197
-6826	0.00010162
-6821	0.00010363
-6816	0.00010644
-6811	0.00010402
-6806	0.00010032
-6801	0.00010053
-6796	0.00010183
-6791	0.0000999
-6786	0.00011074
-6781	0.00010197
-6776	0.00010501
-6771	0.000104
-6766	0.0001064
-6761	0.00010456
-6756	0.00009743
-6751	0.0001075
-6746	0.00011249
-6741	0.00010926
-6736	0.00010731
-6731	0.00010356
-6726	0.00009968
-6721	0.0001004
-6716	0.00010403
-6711	0.00010131
-6706	0.0001072
-6701	0.00010128
-6696	0.00010044
-6691	0.00010049
-6686	0.00010443
-6681	0.00009696
-6676	0.00010902
-6671	0.00010486
-6666	0.00010501
-6661	0.00010476
-6656	0.00010198
-6651	0.0000992
-6646	0.00010186
-6641	0.0001042
-6636	0.00010295
-6631	0.0001084
-6626	0.00011191
-6621	0.00010886
-6616	0.00010975
-6611	0.00010394
-6606	0.00010352
-6601	0.0001045
-6596	0.00010551
-6591	0.00010427
-6586	0.00010295
-6581	0.00011055
-6576	0.00010152
-6571	0.0001014
-6566	0.00010096
-6561	0.00010622
-6556	0.00010769
-6551	0.00010347
-6546	0.00010418
-6541	0.00010369
-6536	0.00009991
-6531	0.0001079
-6526	0.00011105
-6521	0.0001065
-6516	0.00010276
-6511	0.00010849
-6506	0.00010365
-6501	0.0001077
-6496	0.00011083
-6491	0.00010875
-6486	0.00010968
-6481	0.00010484
-6476	0.00010798
-6471	0.00010894
-6466	0.00010727
-6461	0.000116
-6456	0.00010581
-6451	0.00011202
-6446	0.00011024
-6441	0.00010223
-6436	0.00011104
-6431	0.00011148
-6426	0.00011249
-6421	0.0001116
-6416	0.00010681
-6411	0.00010697
-6406	0.00010866
-6401	0.00011188
-6396	0.00011295
-6391	0.00010999
-6386	0.00010732
-6381	0.00010702
-6376	0.0001131
-6371	0.00010941
-6366	0.00011167
-6361	0.00010459
-6356	0.00010142
-6351	0.00010885
-6346	0.00010861
-6341	0.00010235
-6336	0.00010831
-6331	0.00011151
-6326	0.00011846
-6321	0.00011038
-6316	0.00011747
-6311	0.00011433
-6306	0.00010989
-6301	0.00011532
-6296	0.00011039
-6291	0.00011529
-6286	0.00010822
-6281	0.00011071
-6276	0.00010988
-6271	0.00011016
-6266	0.00011172
-6261	0.00011326
-6256	0.00010974
-6251	0.00010927
-6246	0.00010972
-6241	0.00011746
-6236	0.00011239
-6231	0.00010815
-6226	0.0001121
-6221	0.00011615
-6216	0.00010688
-6211	0.00011129
-6206	0.00011318
-6201	0.00011082
-6196	0.00011377
-6191	0.00010894
-6186	0.000112
-6181	0.00010707
-6176	0.00011205
-6171	0.00011539
-6166	0.00011742
-6161	0.00011311
-6156	0.0001167
-6151	0.00011098
-6146	0.00010647
-6141	0.00011197
-6136	0.00011104
-6131	0.00011125
-6126	0.00011942
-6121	0.00011377
-6116	0.00011262
-6111	0.00011039
-6106	0.00011869
-6101	0.00011042
-6096	0.00011656
-6091	0.00010832
-6086	0.00011543
-6081	0.00011639
-6076	0.00011398
-6071	0.00011093
-6066	0.00011447
-6061	0.00011206
-6056	0.00011911
-6051	0.00011679
-6046	0.00011979
-6041	0.00011361
-6036	0.00011545
-6031	0.00011524
-6026	0.00011913
-6021	0.00011377
-6016	0.0001153
-6011	0.00011786
-6006	0.00012098
-6001	0.00011777
-5996	0.00011313
-5991	0.00010937
-5986	0.00011048
-5981	0.00011218
-5976	0.00011943
-5971	0.00012295
-5966	0.00011569
-5961	0.00011999
-5956	0.00011934
-5951	0.00011764
-5946	0.00012077
-5941	0.00011984
-5936	0.00011662
-5931	0.00012263
-5926	0.00012543
-5921	0.00011353
-5916	0.00011987
-5911	0.00012083
-5906	0.00011612
-5901	0.00011179
-5896	0.00011809
-5891	0.00011538
-5886	0.00011048
-5881	0.00011273
-5876	0.00012418
-5871	0.00012526
-5866	0.00012022
-5861	0.00011819
-5856	0.00011965
-5851	0.00011654
-5846	0.00011397
-5841	0.00011724
-5836	0.00012109
-5831	0.00011897
-5826	0.00012144
-5821	0.00011791
-5816	0.00011084
-5811	0.00011391
-5806	0.00011455
-5801	0.00012268
-5796	0.00011916
-5791	0.00012382
-5786	0.00011643
-5781	0.00012316
-5776	0.00012273
-5771	0.00012091
-5766	0.00012479
-5761	0.00011969
-5756	0.00011987
-5751	0.00012406
-5746	0.00012554
-5741	0.00012167
-5736	0.0001192
-5731	0.00012358
-5726	0.00011826
-5721	0.00011781
-5716	0.00011743
-5711	0.00012221
-5706	0.00011522
-5701	0.00011612
-5696	0.00012126
-5691	0.00011742
-5686	0.00011774
-5681	0.00011672
-5676	0.000119
-5671	0.00011693
-5666	0.00012579
-5661	0.00012799
-5656	0.00012654
-5651	0.00012882
-5646	0.00011973
-5641	0.00011698
-5636	0.00012265
-5631	0.00012017
-5626	0.00012384
-5621	0.0001237
-5616	0.00012543
-5611	0.00012131
-5606	0.00012922
-5601	0.0001211
-5596	0.00011813
-5591	0.00012246
-5586	0.00011791
-5581	0.00011931
-5576	0.00012319
-5571	0.00012043
-5566	0.00012468
-5561	0.00012183
-5556	0.00012324
-5551	0.00012204
-5546	0.00012363
-5541	0.00012191
-5536	0.00011848
-5531	0.00012895
-5526	0.00012698
-5521	0.00012257
-5516	0.00012648
-5511	0.00012478
-5506	0.000126
-5501	0.00012001
-5496	0.0001248
-5491	0.00012099
-5486	0.00012187
-5481	0.00012914
-5476	0.00012524
-5471	0.00011522
-5466	0.00012996
-5461	0.00012411
-5456	0.00012373
-5451	0.00012095
-5446	0.00011772
-5441	0.00012246
-5436	0.00012674
-5431	0.00012797
-5426	0.00012763
-5421	0.00012025
-5416	0.00012066
-5411	0.00012342
-5406	0.00012413
-5401	0.0001289
-5396	0.00012435
-5391	0.00012241
-5386	0.00012522
-5381	0.00012639
-5376	0.00013086
-5371	0.00012514
-5366	0.00012836
-5361	0.00013222
-5356	0.00012452
-5351	0.00012906
-5346	0.00012255
-5341	0.00012648
-5336	0.00012608
-5331	0.00012169
-5326	0.0001258
-5321	0.00012353
-5316	0.00011352
-5311	0.00012243
-5306	0.00013026
-5301	0.00012482
-5296	0.00012818
-5291	0.00012797
-5286	0.0001292
-5281	0.0001298
-5276	0.00013027
-5271	0.00012642
-5266	0.00012624
-5261	0.00012946
-5256	0.00013082
-5251	0.00012449
-5246	0.00011976
-5241	0.00011787
-5236	0.00011853
-5231	0.00012735
-5226	0.00013467
-5221	0.00012701
-5216	0.00012036
-5211	0.00012695
-5206	0.00012336
-5201	0.00013179
-5196	0.00013514
-5191	0.00012072
-5186	0.00012589
-5181	0.00012781
-5176	0.00012862
-5171	0.00013314
-5166	0.00012743
-5161	0.00013168
-5156	0.00013072
-5151	0.00012714
-5146	0.00013279
-5141	0.00013138
-5136	0.00012459
-5131	0.00012732
-5126	0.00012891
-5121	0.00013597
-5116	0.00013093
-5111	0.00012482
-5106	0.00012703
-5101	0.00012822
-5096	0.00012659
-5091	0.00012787
-5086	0.0001311
-5081	0.00012866
-5076	0.00014127
-5071	0.00013777
-5066	0.00013142
-5061	0.00013626
-5056	0.0001234
-5051	0.00013224
-5046	0.00013276
-5041	0.00013105
-5036	0.00013427
-5031	0.0001322
-5026	0.00012837
-5021	0.00013138
-5016	0.00013258
-5011	0.00013061
-5006	0.00012826
-5001	0.00012984
-4996	0.00013109
-4991	0.00013091
-4986	0.0001338
-4981	0.00013325
-4976	0.00013287
-4971	0.0001236
-4966	0.00012909
-4961	0.00013226
-4956	0.00013688
-4951	0.0001273
-4946	0.00012986
-4941	0.00012649
-4936	0.00012963
-4931	0.0001297
-4926	0.00012952
-4921	0.00012736
-4916	0.00012743
-4911	0.00012522
-4906	0.00012746
-4901	0.00013021
-4896	0.00012642
-4891	0.00013333
-4886	0.00013722
-4881	0.00012769
-4876	0.00012735
-4871	0.00013732
-4866	0.00013148
-4861	0.00012823
-4856	0.00013526
-4851	0.0001335
-4846	0.00013195
-4841	0.00013787
-4836	0.00013026
-4831	0.00012686
-4826	0.00012991
-4821	0.00013358
-4816	0.00013801
-4811	0.00013386
-4806	0.00013477
-4801	0.00013102
-4796	0.00013708
-4791	0.0001272
-4786	0.00012686
-4781	0.00013081
-4776	0.00013531
-4771	0.00013382
-4766	0.00012484
-4761	0.00013202
-4756	0.00013049
-4751	0.00013189
-4746	0.00013442
-4741	0.00013365
-4736	0.00013364
-4731	0.00013379
-4726	0.00013245
-4721	0.0001418
-4716	0.00013932
-4711	0.00013451
-4706	0.00013167
-4701	0.00013911
-4696	0.00014391
-4691	0.00013595
-4686	0.00014027
-4681	0.00013518
-4676	0.00013313
-4671	0.00013924
-4666	0.00013633
-4661	0.00013129
-4656	0.00013447
-4651	0.00013568
-4646	0.00013133
-4641	0.00012915
-4636	0.00013911
-4631	0.00013913
-4626	0.00013998
-4621	0.00014081
-4616	0.00013294
-4611	0.00013444
-4606	0.00013648
-4601	0.00013836
-4596	0.00013427
-4591	0.00013542
-4586	0.00014317
-4581	0.00013352
-4576	0.00013346
-4571	0.00013217
-4566	0.00014129
-4561	0.00013833
-4556	0.00013834
-4551	0.00013014
-4546	0.0001377
-4541	0.00013872
-4536	0.00013801
-4531	0.00013426
-4526	0.00013868
-4521	0.00013421
-4516	0.00013323
-4511	0.0001299
-4506	0.00013123
-4501	0.00013419
-4496	0.00014433
-4491	0.00014098
-4486	0.00013663
-4481	0.00013866
-4476	0.00013603
-4471	0.00013102
-4466	0.00013774
-4461	0.00014123
-4456	0.00013967
-4451	0.00014518
-4446	0.00013604
-4441	0.00014384
-4436	0.00013954
-4431	0.00012986
-4426	0.00013114
-4421	0.00014239
-4416	0.00013586
-4411	0.00013953
-4406	0.00013905
-4401	0.00014061
-4396	0.00013891
-4391	0.00014127
-4386	0.00014594
-4381	0.00014126
-4376	0.000141
-4371	0.00014096
-4366	0.00013769
-4361	0.00013551
-4356	0.00014363
-4351	0.00014727
-4346	0.00013601
-4341	0.00014352
-4336	0.00014357
-4331	0.00013428
-4326	0.00013919
-4321	0.00014159
-4316	0.00014066
-4311	0.00013885
-4306	0.00014377
-4301	0.00013683
-4296	0.00014364
-4291	0.00013888
-4286	0.00014711
-4281	0.00013746
-4276	0.00014332
-4271	0.00014134
-4266	0.00013954
-4261	0.00015218
-4256	0.00014292
-4251	0.00013795
-4246	0.0001367
-4241	0.0001458
-4236	0.00014586
-4231	0.0001377
-4226	0.00013986
-4221	0.00014402
-4216	0.00013367
-4211	0.00014428
-4206	0.00013768
-4201	0.00013499
-4196	0.0001425
-4191	0.00014431
-4186	0.00014789
-4181	0.00014285
-4176	0.0001472
-4171	0.00013457
-4166	0.00013532
-4161	0.00013936
-4156	0.00013882
-4151	0.00014678
-4146	0.00014874
-4141	0.00013643
-4136	0.0001478
-4131	0.00014013
-4126	0.00014363
-4121	0.00014665
-4116	0.00014315
-4111	0.00013926
-4106	0.00014201
-4101	0.00015135
-4096	0.00014882
-4091	0.00014534
-4086	0.00014614
-4081	0.00015376
-4076	0.00013557
-4071	0.00014071
-4066	0.00014007
-4061	0.00014923
-4056	0.00014069
-4051	0.00014239
-4046	0.00014264
-4041	0.00014656
-4036	0.00014609
-4031	0.00013911
-4026	0.0001449
-4021	0.00014845
-4016	0.00015287
-4011	0.00014565
-4006	0.00015174
-4001	0.00015363
-3996	0.00014416
-3991	0.00014985
-3986	0.00014964
-3981	0.00014212
-3976	0.00015021
-3971	0.00014409
-3966	0.00014928
-3961	0.00014933
-3956	0.00014353
-3951	0.00014128
-3946	0.00014644
-3941	0.00014275
-3936	0.00015449
-3931	0.00015342
-3926	0.00014924
-3921	0.00014524
-3916	0.00014729
-3911	0.0001484
-3906	0.00014827
-3901	0.00014289
-3896	0.00015006
-3891	0.00015456
-3886	0.00014701
-3881	0.00014683
-3876	0.0001507
-3871	0.00014504
-3866	0.00014777
-3861	0.00014792
-3856	0.00014457
-3851	0.00013956
-3846	0.00013761
-3841	0.00015143
-3836	0.00014172
-3831	0.00014833
-3826	0.00015869
-3821	0.00014934
-3816	0.00014549
-3811	0.00015023
-3806	0.00015296
-3801	0.00015029
-3796	0.00015099
-3791	0.00014686
-3786	0.00014671
-3781	0.00014866
-3776	0.00014371
-3771	0.00015198
-3766	0.00015289
-3761	0.00015501
-3756	0.00015532
-3751	0.00015391
-3746	0.00016027
-3741	0.00014637
-3736	0.00015702
-3731	0.00015274
-3726	0.00015025
-3721	0.00015404
-3716	0.00015517
-3711	0.0001508
-3706	0.00015532
-3701	0.00014872
-3696	0.0001458
-3691	0.00014548
-3686	0.00014685
-3681	0.00015282
-3676	0.00015555
-3671	0.00015169
-3666	0.00015095
-3661	0.00015094
-3656	0.00014976
-3651	0.0001453
-3646	0.00014715
-3641	0.00015276
-3636	0.0001488
-3631	0.00015654
-3626	0.00015385
-3621	0.00015095
-3616	0.00015078
-3611	0.00015078
-3606	0.00015029
-3601	0.00016174
-3596	0.0001522
-3591	0.00015971
-3586	0.00015007
-3581	0.00014727
-3576	0.00015281
-3571	0.00015111
-3566	0.00015191
-3561	0.00015473
-3556	0.00014897
-3551	0.00015271
-3546	0.00014871
-3541	0.00015267
-3536	0.00014941
-3531	0.00014966
-3526	0.00015175
-3521	0.00014892
-3516	0.00015414
-3511	0.0001527
-3506	0.00015686
-3501	0.00015351
-3496	0.00015563
-3491	0.00014815
-3486	0.00014696
-3481	0.00015229
-3476	0.00014534
-3471	0.00015731
-3466	0.00015883
-3461	0.00014958
-3456	0.00015587
-3451	0.00015834
-3446	0.00014799
-3441	0.00014776
-3436	0.00015851
-3431	0.00015687
-3426	0.00015515
-3421	0.00015848
-3416	0.00015195
-3411	0.0001561
-3406	0.00015945
-3401	0.00015385
-3396	0.00014657
-3391	0.00015471
-3386	0.00015044
-3381	0.00014603
-3376	0.00014628
-3371	0.00016514
-3366	0.00016392
-3361	0.00015956
-3356	0.00014919
-3351	0.00015027
-3346	0.00015573
-3341	0.00015297
-3336	0.00016827
-3331	0.00016979
-3326	0.00016312
-3321	0.00016291
-3316	0.00015709
-3311	0.0001486
-3306	0.00015084
-3301	0.00015978
-3296	0.00015578
-3291	0.00015474
-3286	0.00015887
-3281	0.00016375
-3276	0.0001576
-3271	0.00015931
-3266	0.00016019
-3261	0.00015209
-3256	0.00015487
-3251	0.00015908
-3246	0.00016591
-3241	0.00016047
-3236	0.00016267
-3231	0.00015516
-3226	0.00015738
-3221	0.00015868
-3216	0.00015403
-3211	0.00015846
-3206	0.00016463
-3201	0.00016528
-3196	0.00016337
-3191	0.00016361
-3186	0.00016453
-3181	0.00015812
-3176	0.00015394
-3171	0.0001577
-3166	0.00015469
-3161	0.0001548
-3156	0.00015938
-3151	0.00014997
-3146	0.0001647
-3141	0.00015966
-3136	0.00015424
-3131	0.00015734
-3126	0.00015719
-3121	0.00016268
-3116	0.0001568
-3111	0.00016272
-3106	0.00016851
-3101	0.00015303
-3096	0.0001662
-3091	0.00016315
-3086	0.00015312
-3081	0.00015789
-3076	0.00016669
-3071	0.00015639
-3066	0.00015414
-3061	0.00014727
-3056	0.00015129
-3051	0.0001586
-3046	0.00015499
-3041	0.00016436
-3036	0.00016388
-3031	0.00015252
-3026	0.00015639
-3021	0.00014897
-3016	0.00015642
-3011	0.00016059
-3006	0.00016195
-3001	0.00015638
-2996	0.00016915
-2991	0.00016045
-2986	0.00015187
-2981	0.00015488
-2976	0.00016719
-2971	0.00015901
-2966	0.0001591
-2961	0.00016084
-2956	0.0001571
-2951	0.00016155
-2946	0.0001633
-2941	0.00016514
-2936	0.00015749
-2931	0.00016187
-2926	0.0001646
-2921	0.00016042
-2916	0.00016771
-2911	0.00015797
-2906	0.00016505
-2901	0.00016065
-2896	0.00016533
-2891	0.00016005
-2886	0.00016714
-2881	0.00015438
-2876	0.00015402
-2871	0.00016643
-2866	0.00016219
-2861	0.00016331
-2856	0.00016116
-2851	0.00016351
-2846	0.00016464
-2841	0.00016743
-2836	0.00016596
-2831	0.00016078
-2826	0.00016681
-2821	0.0001608
-2816	0.00016077
-2811	0.00016138
-2806	0.00016412
-2801	0.00016005
-2796	0.0001666
-2791	0.00016002
-2786	0.00016463
-2781	0.00016465
-2776	0.00016216
-2771	0.00016069
-2766	0.00016682
-2761	0.0001602
-2756	0.00016576
-2751	0.00016695
-2746	0.00016844
-2741	0.00016768
-2736	0.00016497
-2731	0.00015857
-2726	0.00016539
-2721	0.00016916
-2716	0.00016321
-2711	0.00016855
-2706	0.00015772
-2701	0.00017138
-2696	0.00017014
-2691	0.00016932
-2686	0.00016038
-2681	0.00016329
-2676	0.00016291
-2671	0.00016175
-2666	0.00015377
-2661	0.00015191
-2656	0.00016294
-2651	0.00016449
-2646	0.00015936
-2641	0.00016066
-2636	0.00016775
-2631	0.0001608
-2626	0.00016282
-2621	0.00016778
-2616	0.00016051
-2611	0.00016632
-2606	0.00016582
-2601	0.00015721
-2596	0.00016485
-2591	0.00016765
-2586	0.00017149
-2581	0.00016563
-2576	0.00016436
-2571	0.00016275
-2566	0.00015904
-2561	0.00016584
-2556	0.00016557
-2551	0.00016598
-2546	0.00016465
-2541	0.00016253
-2536	0.00016709
-2531	0.00017368
-2526	0.00017183
-2521	0.0001702
-2516	0.00017143
-2511	0.00016701
-2506	0.0001664
-2501	0.00016691
-2496	0.00016674
-2491	0.00016879
-2486	0.00015641
-2481	0.00017002
-2476	0.00017461
-2471	0.0001705
-2466	0.00016416
-2461	0.00016475
-2456	0.00016648
-2451	0.00016284
-2446	0.00016252
-2441	0.00015936
-2436	0.00016296
-2431	0.00017336
-2426	0.00015914
-2421	0.0001667
-2416	0.0001629
-2411	0.00015747
-2406	0.00016243
-2401	0.00017308
-2396	0.00016451
-2391	0.00017451
-2386	0.00016679
-2381	0.00017483
-2376	0.00016804
-2371	0.00016123
-2366	0.00016058
-2361	0.00016153
-2356	0.00016254
-2351	0.00016106
-2346	0.00016763
-2341	0.00016178
-2336	0.00015825
-2331	0.00016224
-2326	0.00015919
-2321	0.00016334
-2316	0.00016035
-2311	0.00016022
-2306	0.00015996
-2301	0.00016405
-2296	0.00015409
-2291	0.00015613
-2286	0.00015695
-2281	0.00015768
-2276	0.00016112
-2271	0.0001635
-2266	0.00015874
-2261	0.00015577
-2256	0.00016647
-2251	0.00016138
-2246	0.00016367
-2241	0.00016098
-2236	0.00016459
-2231	0.0001654
-2226	0.00016165
-2221	0.000168
-2216	0.00016563
-2211	0.0001587
-2206	0.00016357
-2201	0.00017072
-2196	0.00016499
-2191	0.00016929
-2186	0.00016275
-2181	0.00016913
-2176	0.0001543
-2171	0.000161
-2166	0.00016131
-2161	0.00016511
-2156	0.00016005
-2151	0.00016288
-2146	0.00015875
-2141	0.00015596
-2136	0.00015864
-2131	0.00015943
-2126	0.00016042
-2121	0.00016344
-2116	0.00016281
-2111	0.00015997
-2106	0.00015399
-2101	0.00016052
-2096	0.0001613
-2091	0.00015415
-2086	0.00015474
-2081	0.00016257
-2076	0.00016249
-2071	0.00015988
-2066	0.00016479
-2061	0.00015486
-2056	0.00016436
-2051	0.00015277
-2046	0.00015787
-2041	0.00015637
-2036	0.00015112
-2031	0.0001539
-2026	0.0001515
-2021	0.00015715
-2016	0.00016399
-2011	0.00016174
-2006	0.00016564
-2001	0.00015396
-1996	0.00016193
-1991	0.00015496
-1986	0.00015805
-1981	0.00015968
-1976	0.00015844
-1971	0.00015421
-1966	0.00015048
-1961	0.00015308
-1956	0.00015359
-1951	0.00015601
-1946	0.00016529
-1941	0.00016049
-1936	0.00016086
-1931	0.00014886
-1926	0.00014744
-1921	0.00015241
-1916	0.00015042
-1911	0.0001534
-1906	0.00015288
-1901	0.00015473
-1896	0.00015237
-1891	0.00015069
-1886	0.00014805
-1881	0.00015156
-1876	0.00015569
-1871	0.00014906
-1866	0.00014824
-1861	0.00015001
-1856	0.00015205
-1851	0.00014975
-1846	0.00014692
-1841	0.00014478
-1836	0.00014598
-1831	0.00014309
-1826	0.00014431
-1821	0.00014348
-1816	0.00014816
-1811	0.0001557
-1806	0.00014437
-1801	0.00014118
-1796	0.00014186
-1791	0.0001417
-1786	0.00013828
-1781	0.00013813
-1776	0.00015239
-1771	0.00014498
-1766	0.00014495
-1761	0.00014395
-1756	0.00014221
-1751	0.00014178
-1746	0.00013785
-1741	0.00014924
-1736	0.00014399
-1731	0.00014179
-1726	0.00013731
-1721	0.00014687
-1716	0.00014306
-1711	0.00013974
-1706	0.00014126
-1701	0.00013911
-1696	0.00013957
-1691	0.0001353
-1686	0.00014455
-1681	0.00013776
-1676	0.00013894
-1671	0.00013439
-1666	0.00014151
-1661	0.00013531
-1656	0.00013284
-1651	0.00013328
-1646	0.0001307
-1641	0.00013912
-1636	0.00012892
-1631	0.00012858
-1626	0.00012758
-1621	0.00013581
-1616	0.00012658
-1611	0.00012638
-1606	0.00012232
-1601	0.00012277
-1596	0.00012155
-1591	0.00012688
-1586	0.00013418
-1581	0.00012614
-1576	0.00012681
-1571	0.00012022
-1566	0.00012405
-1561	0.0001186
-1556	0.0001189
-1551	0.00011349
-1546	0.00012077
-1541	0.00011615
-1536	0.00012154
-1531	0.00011588
-1526	0.00011971
-1521	0.00012643
-1516	0.00011765
-1511	0.00012013
-1506	0.00012019
-1501	0.00011837
-1496	0.00011312
-1491	0.00011977
-1486	0.00011821
-1481	0.00011058
-1476	0.00010633
-1471	0.00011839
-1466	0.00012135
-1461	0.00012021
-1456	0.00011055
-1451	0.00011253
-1446	0.0001096
-1441	0.00011781
-1436	0.00011365
-1431	0.00010167
-1426	0.00011437
-1421	0.0001155
-1416	0.00011313
-1411	0.00011284
-1406	0.000115
-1401	0.00010452
-1396	0.00011448
-1391	0.00010347
-1386	0.00010855
-1381	0.00010458
-1376	0.00011079
-1371	0.00010419
-1366	0.00010123
-1361	0.0001063
-1356	0.00010481
-1351	0.00011319
-1346	0.00010596
-1341	0.0000981
-1336	0.00010327
-1331	0.00010525
-1326	0.00010263
-1321	0.00010104
-1316	0.00010084
-1311	0.00009682
-1306	0.00010019
-1301	0.00009598
-1296	0.00008778
-1291	0.00008739
-1286	0.00009357
-1281	0.00009435
-1276	0.00009493
-1271	0.00009039
-1266	0.00009322
-1261	0.0000919
-1256	0.00009059
-1251	0.00009613
-1246	0.00008941
-1241	0.00008955
-1236	0.00008679
-1231	0.00009344
-1226	0.00008758
-1221	0.00009064
-1216	0.00008436
-1211	0.00008975
-1206	0.00008259
-1201	0.00008644
-1196	0.00008072
-1191	0.00008478
-1186	0.00008106
-1181	0.0000792
-1176	0.00008158
-1171	0.00008357
-1166	0.00007691
-1161	0.00007699
-1156	0.00007441
-1151	0.00007864
-1146	0.00007817
-1141	0.00007662
-1136	0.00007363
-1131	0.00007209
-1126	0.00007447
-1121	0.00007415
-1116	0.00007149
-1111	0.00006868
-1106	0.00007104
-1101	0.00006911
-1096	0.00006874
-1091	0.00007078
-1086	0.00007067
-1081	0.00006815
-1076	0.000076
-1071	0.00007741
-1066	0.00006828
-1061	0.00006762
-1056	0.00006347
-1051	0.0000653
-1046	0.00006506
-1041	0.00006794
-1036	0.00006397
-1031	0.00006494
-1026	0.0000645
-1021	0.00006427
-1016	0.00005938
-1011	0.00006193
-1006	0.00005913
-1001	0.00006652
-996	0.00006107
-991	0.0000571
-986	0.00006209
-981	0.00005931
-976	0.00005436
-971	0.00005911
-966	0.00006115
-961	0.00005689
-956	0.00005771
-951	0.00005711
-946	0.00005884
-941	0.00005693
-936	0.00005749
-931	0.00005529
-926	0.00005016
-921	0.00004966
-916	0.00005054
-911	0.0000505
-906	0.00005504
-901	0.00004999
-896	0.00005025
-891	0.00004863
-886	0.00004844
-881	0.00004626
-876	0.00005108
-871	0.00004888
-866	0.00004622
-861	0.00004987
-856	0.00004471
-851	0.00004333
-846	0.00004544
-841	0.00004643
-836	0.0000438
-831	0.00004363
-826	0.00004192
-821	0.00004699
-816	0.0000416
-811	0.00004402
-806	0.00004082
-801	0.000041
-796	0.00003719
-791	0.00004028
-786	0.00004143
-781	0.00003756
-776	0.00003764
-771	0.00004052
-766	0.00003645
-761	0.00003699
-756	0.0000345
-751	0.00003383
-746	0.0000321
-741	0.00003515
-736	0.00003534
-731	0.00003797
-726	0.00003275
-721	0.00003331
-716	0.00003528
-711	0.00003493
-706	0.000029974
-701	0.00003341
-696	0.00003324
-691	0.00003266
-686	0.000030698
-681	0.0000329
-676	0.000028696
-671	0.000030453
-666	0.00002826
-661	0.000028981
-656	0.000029788
-651	0.000028032
-646	0.000026999
-641	0.000029323
-636	0.000027994
-631	0.000024004
-626	0.000028102
-621	0.000024414
-616	0.000023783
-611	0.000027243
-606	0.000025844
-601	0.000026831
-596	0.000025416
-591	0.000025412
-586	0.000024456
-581	0.000026828
-576	0.000022086
-571	0.00002232
-566	0.000022962
-561	0.000021338
-556	0.000022143
-551	0.000021517
-546	0.000019681
-541	0.000020934
-536	0.000021382
-531	0.000018042
-526	0.000018759
-521	0.000019582
-516	0.000019535
-511	0.000016739
-506	0.000019199
-501	0.000019669
-496	0.000019239
-491	0.00001706
-486	0.000018843
-481	0.000018188
-476	0.000019568
-471	0.000018583
-466	0.000016786
-461	0.00001673
-456	0.000016937
-451	0.000017275
-446	0.000013159
-441	0.000016323
-436	0.000015903
-431	0.000012614
-426	0.000014757
-421	0.000015316
-416	0.000013784
-411	0.000013837
-406	0.000014678
-401	0.00001449
-396	0.000014509
-391	0.000012676
-386	0.000012856
-381	0.000016595
-376	0.00001295
-371	0.000013633
-366	0.000013984
-361	0.000013751
-356	0.000011135
-351	0.000009821
-346	0.000010568
-341	0.000011009
-336	0.000010195
-331	0.000012377
-326	0.000011379
-321	0.000012813
-316	0.000011813
-311	0.000008671
-306	0.000008663
-301	0.000010615
-296	0.0000076
-291	0.000009902
-286	0.000009899
-281	0.000011648
-276	0.000009944
-271	0.000008575
-266	0.000010042
-261	0.000009479
-256	0.000008907
-251	0.000008115
-246	0.000011255
-241	0.00000918
-236	0.000007982
-231	0.000007531
-226	0.000007925
-221	0.000008117
-216	0.000006998
-211	0.000007186
-206	0.00000812
-201	0.000007414
-196	0.000006799
-191	0.000007449
-186	0.000005966
-181	0.000007231
-176	0.000006276
-171	0.00000728
-166	0.000007293
-161	0.000007284
-156	0.000006079
-151	0.000007988
-146	0.000007057
-141	0.000006572
-136	0.00000681
-131	0.000006358
-126	0.000005205
-121	0.000005096
-116	0.000006649
-111	0.000004977
-106	0.000005557
-101	0.000005532
-96	0.000006418
-91	0.000004462
-86	0.000005147
-81	0.000004429
-76	0.000005513
-71	0.000003771
-66	0.000004683
-61	0.000004781
-56	0.000004035
-51	0.000004506
-46	0.000005422
-41	0.000004572
-36	0.000003815
-31	0.000003564
-26	0.0000027005
-21	0.000004511
-16	0.000004448
-11	0.0000026307
-6	0.000003782
-1	0.000004003
4	0.0000025583
9	0.0000027274
14	0.000003185
19	0.0000023964
24	0.0000017286
29	0.0000025511
34	0.0000025155
39	0.0000029006
44	0.0000030569
49	0.000003374
54	0.000002355
59	0.000003112
64	0.0000019072
69	0.0000030568
74	0.000003199
79	0.000001573
84	0.0000030192
89	0.0000025359
94	0.0000023588
99	0.0000025611
104	0.0000022055
109	0.0000020861
114	0.0000020359
119	0.0000015967
124	0.0000024525
129	0.0000012927
134	0.0000018085
139	0.0000011841
144	0.0000018202
149	0.0000018067
154	0.0000015111
159	0.0000012023
164	9.577e-7
169	0.0000015658
174	0.0000015903
179	0.0000014002
184	0.0000021819
189	0.0000013251
194	0.0000013962
199	0.0000010761
204	0.0000021882
209	0.0000014298
214	0.0000013008
219	0.0000021889
224	0.0000016373
229	0.0000017432
234	0.0000010738
239	0.0000010951
244	0.0000015452
249	0.000001307
254	9.707e-7
259	5.47e-7
264	0.0000013812
269	0.0000011782
274	6.387e-7
279	6.415e-7
284	0.0000010798
289	0.0000012845
294	5.397e-7
299	7.556e-7
304	9.7e-7
309	9.869e-7
314	8.743e-7
319	5.553e-7
324	8.624e-7
329	8.593e-7
334	7.478e-7
339	0.0000010841
344	9.791e-7
349	2.1644e-7
354	3.241e-7
359	3.338e-7
364	4.402e-7
369	5.549e-7
374	7.617e-7
379	9.409e-7
384	8.881e-7
389	7.57e-7
394	6.511e-7
399	2.2274e-7
404	8.707e-7
409	2.2466e-7
414	7.563e-7
419	4.376e-7
424	2.1837e-7
429	3.238e-7
434	6.616e-7
439	9.677e-7
444	4.38e-7
449	2.1627e-7
454	2.1819e-7
459	5.353e-7
464	6.626e-7
469	5.553e-7
474	4.336e-7
479	5.436e-7
484	3.325e-7
489	9.035e-7
494	2.1906e-7
499	4.46e-7
504	3.411e-7
509	5.369e-7
514	3.233e-7
519	3.161e-7
524	3.247e-7
529	1.0752e-7
534	2.1837e-7
539	3.357e-7
544	2.2746e-7
549	5.705e-7
554	3.322e-7
559	2.2378e-7
564	4.427e-7
569	3.352e-7
574	0
579	2.2116e-7
584	0
589	1.0717e-7
594	2.1574e-7
599	2.1487e-7
604	1.1259e-7
609	0
614	1.0717e-7
619	1.1242e-7
624	0
629	1.1049e-7
634	0
639	1.1434e-7
644	0
649	0
654	2.2221e-7
659	0
664	2.1539e-7
669	4.369e-7
674	0
679	2.1889e-7
684	1.084e-7
689	2.2553e-7
694	1.1119e-7
699	1.0997e-7
704	1.1207e-7
709	1.1312e-7
714	1.1032e-7
719	1.1224e-7
724	1.1102e-7
729	1.1102e-7
734	1.0875e-7
739	1.1189e-7
744	1.1382e-7
749	1.1032e-7
754	1.1172e-7
759	1.1329e-7
764	1.1119e-7
769	1.1154e-7
774	1.091e-7
779	1.1172e-7
784	1.1382e-7
789	1.1119e-7
794	1.1049e-7
799	1.1172e-7
804	1.1451e-7
809	1.1294e-7
814	1.1259e-7
819	1.1277e-7
824	1.1399e-7
829	1.1382e-7
834	1.1399e-7
839	1.1294e-7
844	1.1049e-7
849	1.1014e-7
854	1.1189e-7
859	1.1347e-7
864	1.1294e-7
869	1.1067e-7
874	1.1399e-7
879	1.1277e-7
884	1.1119e-7
889	1.0944e-7
894	1.1347e-7
899	1.1399e-7
904	1.0962e-7
909	1.1067e-7
914	1.1294e-7
919	1.1172e-7
924	1.1242e-7
929	1.1679e-7
934	1.1364e-7
939	1.1347e-7
944	1.1417e-7
949	1.1574e-7
954	1.1574e-7
959	1.1347e-7
964	1.1067e-7
969	1.1067e-7
974	1.1521e-7
979	1.1539e-7
984	1.1417e-7
989	1.1539e-7
994	1.1364e-7
999	1.1347e-7
1004	1.1242e-7
1009	1.1382e-7
1014	1.1417e-7
1019	1.1521e-7
1024	1.1032e-7
1029	1.0979e-7
1034	1.1259e-7
1039	1.1469e-7
1044	1.1382e-7
1049	1.1574e-7
1054	1.1486e-7
1059	1.1399e-7
1064	1.1137e-7
1069	1.1172e-7
1074	1.1469e-7
1079	1.1469e-7
1084	1.1014e-7
1089	1.1259e-7
1094	1.1749e-7
1099	1.2098e-7
1104	1.1644e-7
1109	1.1626e-7
1114	1.1609e-7
1119	1.1591e-7
1124	1.1871e-7
1129	1.1871e-7
1134	1.1644e-7
1139	1.1609e-7
1144	1.1451e-7
1149	1.1819e-7
1154	1.1574e-7
1159	1.1556e-7
1164	1.1486e-7
1169	1.1364e-7
1174	1.1329e-7
1179	1.1242e-7
1184	1.1417e-7
1189	1.1469e-7
1194	1.1486e-7
1199	1.1556e-7
1204	1.1854e-7
1209	1.1714e-7
1214	1.1784e-7
1219	1.1871e-7
1224	1.1679e-7
1229	1.1801e-7
1234	1.1521e-7
1239	1.1504e-7
1244	1.1434e-7
1249	1.1207e-7
1254	1.1749e-7
1259	1.1749e-7
1264	1.1347e-7
1269	1.1224e-7
1274	1.1644e-7
1279	1.1749e-7
1284	1.1399e-7
1289	1.1539e-7
1294	1.1661e-7
1299	1.1714e-7
1304	1.1854e-7
1309	1.1644e-7
1314	1.1731e-7
1319	1.1696e-7
1324	1.1417e-7
1329	1.1766e-7
1334	1.1609e-7
1339	1.1731e-7
1344	1.1801e-7
1349	1.1889e-7
1354	1.1941e-7
1359	1.1801e-7
1364	1.1556e-7
1369	1.1574e-7
1374	1.1486e-7
1379	1.1486e-7
1384	1.1801e-7
1389	1.1591e-7
1394	1.1609e-7
1399	1.1766e-7
1404	1.1836e-7
1409	1.1434e-7
1414	1.1556e-7
1419	1.1382e-7
1424	1.1854e-7
1429	1.1661e-7
1434	1.1871e-7
1439	1.1854e-7
1444	1.1626e-7
1449	1.1784e-7
1454	1.2063e-7
1459	1.1976e-7
1464	1.1959e-7
1469	1.1959e-7
1474	1.1836e-7
1479	1.1993e-7
1484	1.1784e-7
1489	1.1819e-7
1494	1.1854e-7
1499	1.1941e-7
1504	1.2028e-7
1509	1.1959e-7
1514	1.2011e-7
1519	1.1731e-7
1524	1.1801e-7
1529	1.2098e-7
1534	1.1976e-7
1539	1.1591e-7
1544	1.1714e-7
1549	1.1417e-7
1554	1.1609e-7
1559	1.1801e-7
1564	1.1644e-7
1569	1.1591e-7
1574	1.1924e-7
1579	1.1801e-7
1584	1.1591e-7
1589	1.1749e-7
1594	1.1749e-7
1599	1.1521e-7
1604	1.2081e-7
1609	1.1854e-7
1614	1.1696e-7
1619	1.1784e-7
1624	1.1976e-7
1629	1.1976e-7
1634	1.2238e-7
1639	1.2238e-7
1644	1.1819e-7
1649	1.1836e-7
1654	1.1871e-7
1659	1.1679e-7
1664	1.1714e-7
1669	1.2203e-7
1674	1.1749e-7
1679	1.1591e-7
1684	1.1504e-7
1689	1.1976e-7
1694	1.1906e-7
1699	1.1609e-7
1704	1.1906e-7
1709	1.1889e-7
1714	1.1486e-7
1719	1.1521e-7
1724	1.1993e-7
1729	1.1906e-7
1734	1.2151e-7
1739	1.2326e-7
1744	1.2081e-7
1749	1.1801e-7
1754	1.1661e-7
1759	1.2273e-7
1764	1.2186e-7
1769	1.1801e-7
1774	1.2028e-7
1779	1.2098e-7
1784	1.2098e-7
1789	1.1731e-7
1794	1.1959e-7
1799	1.2378e-7
1804	1.2081e-7
1809	1.1556e-7
1814	1.1906e-7
1819	1.2238e-7
1824	1.2466e-7
1829	1.1993e-7
1834	1.2098e-7
1839	7.133e-8
1844	0
1849	0
