-29046	0
-29041	0
-29036	0
-29031	5.399e-10
-29026	0
-29021	1.2147e-9
-29016	4.049e-10
-29011	0
-29006	0
-29001	0
-28996	0
-28991	8.098e-10
-28986	8.098e-10
-28981	0
-28976	8.098e-10
-28971	0
-28966	0
-28961	0
-28956	0
-28951	6.748e-10
-28946	0
-28941	0
-28936	0
-28931	0
-28926	0
-28921	1.0797e-9
-28916	0
-28911	8.098e-10
-28906	1.4846e-9
-28901	0
-28896	0
-28891	0
-28886	0
-28881	0
-28876	1.7546e-9
-28871	8.098e-10
-28866	0
-28861	0
-28856	0
-28851	6.748e-10
-28846	3.1042e-9
-28841	0
-28836	0
-28831	9.448e-10
-28826	0
-28821	0
-28816	1.2147e-9
-28811	1.3497e-9
-28806	0
-28801	0
-28796	0
-28791	0
-28786	0
-28781	0
-28776	1.0797e-9
-28771	0
-28766	8.098e-10
-28761	0
-28756	6.748e-10
-28751	0
-28746	0
-28741	0
-28736	0
-28731	0
-28726	6.748e-10
-28721	0
-28716	0
-28711	2.4294e-9
-28706	0
-28701	0
-28696	1.4846e-9
-28691	0
-28686	0
-28681	1.2147e-9
-28676	0
-28671	0
-28666	0
-28661	1.3497e-9
-28656	0
-28651	1.2147e-9
-28646	0
-28641	0
-28636	0
-28631	1.2147e-9
-28626	1.2147e-9
-28621	0
-28616	2.6993e-9
-28611	0
-28606	2.1595e-9
-28601	2.8343e-9
-28596	1.8895e-9
-28591	0
-28586	0
-28581	1.8895e-9
-28576	0
-28571	4.454e-9
-28566	2.1595e-9
-28561	1.2147e-9
-28556	1.7546e-9
-28551	1.4846e-9
-28546	1.8895e-9
-28541	1.7546e-9
-28536	0
-28531	0
-28526	0
-28521	1.0797e-9
-28516	0
-28511	1.3497e-9
-28506	1.2147e-9
-28501	0
-28496	6.478e-9
-28491	2.1595e-9
-28486	0
-28481	1.4846e-9
-28476	1.4846e-9
-28471	0
-28466	1.4846e-9
-28461	0
-28456	0
-28451	1.3497e-9
-28446	2.0245e-9
-28441	2.0245e-9
-28436	3.509e-9
-28431	0
-28426	3.644e-9
-28421	0
-28416	1.6196e-9
-28411	1.7546e-9
-28406	1.7546e-9
-28401	0
-28396	0
-28391	0
-28386	0
-28381	0
-28376	3.1042e-9
-28371	2.4294e-9
-28366	0
-28361	1.0797e-9
-28356	1.8895e-9
-28351	0
-28346	1.4846e-9
-28341	0
-28336	3.1042e-9
-28331	5.264e-9
-28326	3.374e-9
-28321	0
-28316	2.0245e-9
-28311	5.264e-9
-28306	3.914e-9
-28301	2.0245e-9
-28296	0
-28291	6.478e-9
-28286	2.9693e-9
-28281	0
-28276	0
-28271	6.883e-9
-28266	4.724e-9
-28261	0
-28256	2.0245e-9
-28251	1.8895e-9
-28246	0
-28241	4.454e-9
-28236	2.6993e-9
-28231	0
-28226	2.1595e-9
-28221	1.8895e-9
-28216	0
-28211	1.3497e-9
-28206	2.0245e-9
-28201	0
-28196	7.153e-9
-28191	3.509e-9
-28186	2.1595e-9
-28181	1.8895e-9
-28176	7.018e-9
-28171	3.779e-9
-28166	0
-28161	0
-28156	1.6196e-9
-28151	2.5644e-9
-28146	0
-28141	0
-28136	2.0245e-9
-28131	3.779e-9
-28126	2.9693e-9
-28121	2.4294e-9
-28116	4.589e-9
-28111	4.724e-9
-28106	4.859e-9
-28101	0
-28096	1.8895e-9
-28091	2.2944e-9
-28086	3.779e-9
-28081	6.343e-9
-28076	9.718e-9
-28071	3.914e-9
-28066	7.828e-9
-28061	4.049e-9
-28056	3.239e-9
-28051	3.239e-9
-28046	2.6993e-9
-28041	0
-28036	9.448e-9
-28031	4.049e-9
-28026	0
-28021	3.914e-9
-28016	0
-28011	4.859e-9
-28006	6.073e-9
-28001	4.859e-9
-27996	6.478e-9
-27991	3.239e-9
-27986	1.1337e-8
-27981	4.859e-9
-27976	0
-27971	7.828e-9
-27966	4.994e-9
-27961	7.963e-9
-27956	4.184e-9
-27951	3.779e-9
-27946	3.914e-9
-27941	0
-27936	2.8343e-9
-27931	4.319e-9
-27926	3.509e-9
-27921	2.8343e-9
-27916	3.914e-9
-27911	4.994e-9
-27906	3.644e-9
-27901	4.724e-9
-27896	6.073e-9
-27891	9.043e-9
-27886	5.399e-9
-27881	7.423e-9
-27876	8.233e-9
-27871	1.2687e-8
-27866	7.153e-9
-27861	3.779e-9
-27856	4.994e-9
-27851	4.319e-9
-27846	6.073e-9
-27841	7.693e-9
-27836	8.098e-9
-27831	7.558e-9
-27826	7.828e-9
-27821	1.2552e-8
-27816	6.883e-9
-27811	7.423e-9
-27806	5.129e-9
-27801	1.1202e-8
-27796	1.4036e-8
-27791	1.6466e-8
-27786	1.5116e-8
-27781	8.233e-9
-27776	1.1877e-8
-27771	8.638e-9
-27766	1.7276e-8
-27761	1.4036e-8
-27756	4.994e-9
-27751	1.0932e-8
-27746	1.0662e-8
-27741	7.153e-9
-27736	1.4036e-8
-27731	1.0932e-8
-27726	6.343e-9
-27721	7.153e-9
-27716	7.693e-9
-27711	8.638e-9
-27706	8.503e-9
-27701	7.693e-9
-27696	1.822e-8
-27691	8.503e-9
-27686	8.638e-9
-27681	5.399e-9
-27676	4.994e-9
-27671	5.939e-9
-27666	2.1999e-8
-27661	1.2417e-8
-27656	1.5521e-8
-27651	9.853e-9
-27646	9.583e-9
-27641	1.6601e-8
-27636	2.2539e-8
-27631	1.4981e-8
-27626	1.2282e-8
-27621	1.5656e-8
-27616	1.2552e-8
-27611	1.903e-8
-27606	9.853e-9
-27601	9.583e-9
-27596	1.7681e-8
-27591	1.0662e-8
-27586	9.583e-9
-27581	2.1999e-8
-27576	1.8355e-8
-27571	0
-27566	7.423e-9
-27561	2.4834e-8
-27556	1.7276e-8
-27551	1.9705e-8
-27546	1.4036e-8
-27541	1.7546e-8
-27536	1.7276e-8
-27531	1.5251e-8
-27526	1.2957e-8
-27521	2.4024e-8
-27516	1.876e-8
-27511	1.0122e-8
-27506	1.6466e-8
-27501	1.8895e-8
-27496	2.146e-8
-27491	2.2134e-8
-27486	3.779e-8
-27481	1.5926e-8
-27476	4.994e-9
-27471	8.098e-9
-27466	2.3349e-8
-27461	2.2539e-8
-27456	2.8748e-8
-27451	3.0097e-8
-27446	2.2404e-8
-27441	1.6331e-8
-27436	1.3497e-8
-27431	2.7803e-8
-27426	1.5791e-8
-27421	1.1877e-8
-27416	2.6993e-8
-27411	1.6331e-8
-27406	3.806e-8
-27401	3.496e-8
-27396	3.1582e-8
-27391	2.1055e-8
-27386	2.6588e-8
-27381	2.8073e-8
-27376	2.3079e-8
-27371	2.092e-8
-27366	2.5509e-8
-27361	1.4306e-8
-27356	2.6183e-8
-27351	2.1999e-8
-27346	2.5104e-8
-27341	4.872e-8
-27336	3.536e-8
-27331	2.8343e-8
-27326	2.3754e-8
-27321	2.1055e-8
-27316	1.7681e-8
-27311	3.577e-8
-27306	2.2539e-8
-27301	2.4834e-8
-27296	2.6723e-8
-27291	4.049e-8
-27286	2.2809e-8
-27281	2.7803e-8
-27276	2.5509e-8
-27271	2.092e-8
-27266	1.822e-8
-27261	1.8355e-8
-27256	2.4294e-8
-27251	3.793e-8
-27246	3.1177e-8
-27241	2.9962e-8
-27236	2.2539e-8
-27231	2.9018e-8
-27226	3.685e-8
-27221	3.469e-8
-27216	3.59e-8
-27211	3.266e-8
-27206	3.563e-8
-27201	2.5239e-8
-27196	2.9018e-8
-27191	3.1447e-8
-27186	3.226e-8
-27181	2.7533e-8
-27176	4.481e-8
-27171	3.239e-8
-27166	3.0367e-8
-27161	3.766e-8
-27156	4.481e-8
-27151	5.169e-8
-27146	3.239e-8
-27141	2.2134e-8
-27136	3.631e-8
-27131	3.347e-8
-27126	5.102e-8
-27121	2.8073e-8
-27116	3.428e-8
-27111	4.035e-8
-27106	4.683e-8
-27101	3.779e-8
-27096	4.656e-8
-27091	3.469e-8
-27086	3.712e-8
-27081	4.44e-8
-27076	4.103e-8
-27071	6.411e-8
-27066	5.453e-8
-27061	3.806e-8
-27056	2.8748e-8
-27051	4.211e-8
-27046	6.546e-8
-27041	5.115e-8
-27036	4.629e-8
-27031	5.965e-8
-27026	5.237e-8
-27021	6.222e-8
-27016	7.194e-8
-27011	4.548e-8
-27006	4.724e-8
-27001	4.683e-8
-26996	7.626e-8
-26991	5.588e-8
-26986	5.534e-8
-26981	6.478e-8
-26976	5.615e-8
-26971	4.508e-8
-26966	6.141e-8
-26961	5.196e-8
-26956	5.277e-8
-26951	6.816e-8
-26946	4.548e-8
-26941	5.75e-8
-26936	7.045e-8
-26931	6.613e-8
-26926	1.1135e-7
-26921	8.557e-8
-26916	8.624e-8
-26911	7.612e-8
-26906	6.019e-8
-26901	4.319e-8
-26896	7.963e-8
-26891	9.677e-8
-26886	8.759e-8
-26881	6.951e-8
-26876	9.407e-8
-26871	1.1675e-7
-26866	7.504e-8
-26861	7.221e-8
-26856	8.084e-8
-26851	1.0365e-7
-26846	1.1513e-7
-26841	9.353e-8
-26836	7.477e-8
-26831	1.1526e-7
-26826	8.867e-8
-26821	1.2511e-7
-26816	1.0392e-7
-26811	7.518e-8
-26806	1.1607e-7
-26801	8.381e-8
-26796	8.962e-8
-26791	1.0055e-7
-26786	8.044e-8
-26781	6.019e-8
-26776	1.3254e-7
-26771	8.989e-8
-26766	9.826e-8
-26761	6.438e-8
-26756	6.411e-8
-26751	9.367e-8
-26746	6.64e-8
-26741	1.05e-7
-26736	1.1229e-7
-26731	9.502e-8
-26726	9.974e-8
-26721	8.26e-8
-26716	1.1256e-7
-26711	1.5764e-7
-26706	1.5481e-7
-26701	1.3888e-7
-26696	1.5845e-7
-26691	1.3551e-7
-26686	8.597e-8
-26681	8.152e-8
-26676	9.367e-8
-26671	7.612e-8
-26666	1.0487e-7
-26661	1.7546e-7
-26656	1.1594e-7
-26651	1.0149e-7
-26646	1.3375e-7
-26641	1.4968e-7
-26636	1.7181e-7
-26631	1.2309e-7
-26626	7.126e-8
-26621	1.2012e-7
-26616	1.4698e-7
-26611	1.4185e-7
-26606	1.1688e-7
-26601	1.2687e-7
-26596	1.3618e-7
-26591	1.0662e-7
-26586	1.0986e-7
-26581	1.0662e-7
-26576	1.8369e-7
-26571	1.733e-7
-26566	1.7748e-7
-26561	2.4307e-7
-26556	1.8625e-7
-26551	1.4104e-7
-26546	1.71e-7
-26541	1.6412e-7
-26536	1.7262e-7
-26531	2.065e-7
-26526	1.6884e-7
-26521	1.5859e-7
-26516	1.5427e-7
-26511	1.8558e-7
-26506	1.6412e-7
-26501	1.4387e-7
-26496	1.7262e-7
-26491	1.5683e-7
-26486	1.4617e-7
-26481	1.5953e-7
-26476	1.5764e-7
-26471	2.0731e-7
-26466	2.864e-7
-26461	2.2161e-7
-26456	1.7397e-7
-26451	1.4117e-7
-26446	1.5103e-7
-26441	2.4699e-7
-26436	2.1878e-7
-26431	2.123e-7
-26426	2.3821e-7
-26421	2.7574e-7
-26416	2.5671e-7
-26411	2.3106e-7
-26406	2.0609e-7
-26401	2.698e-7
-26396	2.1406e-7
-26391	1.6182e-7
-26386	2.0164e-7
-26381	2.2958e-7
-26376	2.7506e-7
-26371	2.5414e-7
-26366	2.1284e-7
-26361	2.3052e-7
-26356	2.8653e-7
-26351	2.6885e-7
-26346	3.899e-7
-26341	3.548e-7
-26336	2.9463e-7
-26331	2.644e-7
-26326	1.9179e-7
-26321	2.3889e-7
-26316	2.8869e-7
-26311	3.257e-7
-26306	3.257e-7
-26301	3.339e-7
-26296	2.7493e-7
-26291	2.2755e-7
-26286	1.8477e-7
-26281	2.4199e-7
-26276	3.0313e-7
-26271	2.9962e-7
-26266	3.303e-7
-26261	3.269e-7
-26256	3.007e-7
-26251	3.717e-7
-26246	3.51e-7
-26241	2.9153e-7
-26236	3.238e-7
-26231	2.8437e-7
-26226	2.4942e-7
-26221	2.4753e-7
-26216	2.9935e-7
-26211	3.0718e-7
-26206	3.934e-7
-26201	2.891e-7
-26196	3.726e-7
-26191	3.201e-7
-26186	3.412e-7
-26181	3.637e-7
-26176	3.0772e-7
-26171	3.0448e-7
-26166	2.4321e-7
-26161	3.0084e-7
-26156	3.195e-7
-26151	3.625e-7
-26146	3.431e-7
-26141	4.157e-7
-26136	4.527e-7
-26131	4.125e-7
-26126	3.185e-7
-26121	4.863e-7
-26116	4.212e-7
-26111	4.1e-7
-26106	4.583e-7
-26101	4.154e-7
-26096	4.538e-7
-26091	5.886e-7
-26086	4.489e-7
-26081	3.802e-7
-26076	4.447e-7
-26071	4.466e-7
-26066	3.791e-7
-26061	3.386e-7
-26056	4.079e-7
-26051	3.577e-7
-26046	4.002e-7
-26041	4.237e-7
-26036	3.883e-7
-26031	4.899e-7
-26026	5.53e-7
-26021	6.006e-7
-26016	4.911e-7
-26011	4.566e-7
-26006	3.921e-7
-26001	6.387e-7
-25996	4.965e-7
-25991	4.775e-7
-25986	4.817e-7
-25981	5.017e-7
-25976	5.252e-7
-25971	5.697e-7
-25966	5.57e-7
-25961	4.909e-7
-25956	5.144e-7
-25951	5.782e-7
-25946	5.764e-7
-25941	5.15e-7
-25936	5.71e-7
-25931	7.338e-7
-25926	6.877e-7
-25921	6.339e-7
-25916	5.748e-7
-25911	5.818e-7
-25906	5.3e-7
-25901	5.721e-7
-25896	6.802e-7
-25891	7.269e-7
-25886	6.516e-7
-25881	6.592e-7
-25876	6.634e-7
-25871	6.805e-7
-25866	8.303e-7
-25861	7.31e-7
-25856	6.926e-7
-25851	6.682e-7
-25846	6.303e-7
-25841	7.663e-7
-25836	5.945e-7
-25831	7.976e-7
-25826	8.566e-7
-25821	7.605e-7
-25816	7.275e-7
-25811	7.682e-7
-25806	7.685e-7
-25801	8.172e-7
-25796	8.275e-7
-25791	7.97e-7
-25786	7.518e-7
-25781	8.688e-7
-25776	8.175e-7
-25771	6.891e-7
-25766	9.352e-7
-25761	9.445e-7
-25756	6.075e-7
-25751	7.531e-7
-25746	7.898e-7
-25741	6.751e-7
-25736	8.441e-7
-25731	8.878e-7
-25726	9.303e-7
-25721	8.36e-7
-25716	8.3e-7
-25711	8.337e-7
-25706	7.62e-7
-25701	0.0000010936
-25696	9.546e-7
-25691	9.821e-7
-25686	9.333e-7
-25681	0.0000011226
-25676	0.0000010024
-25671	9.925e-7
-25666	9.878e-7
-25661	0.0000010816
-25656	0.0000010425
-25651	0.0000010387
-25646	0.0000010224
-25641	9.885e-7
-25636	7.207e-7
-25631	8.916e-7
-25626	0.0000013062
-25621	0.0000010163
-25616	0.0000010496
-25611	0.0000010261
-25606	0.0000010778
-25601	0.0000011046
-25596	0.0000011492
-25591	9.376e-7
-25586	0.0000011488
-25581	0.000001222
-25576	0.0000013084
-25571	0.0000011862
-25566	0.000001474
-25561	0.0000013452
-25556	0.0000010961
-25551	0.0000010904
-25546	0.0000010418
-25541	0.0000012089
-25536	0.000001293
-25531	0.0000013734
-25526	0.000001259
-25521	0.0000011363
-25516	0.000001341
-25511	0.0000014072
-25506	0.0000012411
-25501	0.0000012486
-25496	0.0000012974
-25491	0.0000012752
-25486	0.000001317
-25481	0.0000014348
-25476	0.0000015147
-25471	0.0000014943
-25466	0.0000015158
-25461	0.0000015917
-25456	0.0000015494
-25451	0.0000014966
-25446	0.0000016792
-25441	0.0000014594
-25436	0.0000015625
-25431	0.0000014973
-25426	0.0000014003
-25421	0.000001506
-25416	0.0000015798
-25411	0.0000014223
-25406	0.0000017483
-25401	0.0000019362
-25396	0.0000014645
-25391	0.0000014189
-25386	0.0000016398
-25381	0.000001598
-25376	0.000001683
-25371	0.0000021356
-25366	0.0000016594
-25361	0.0000014723
-25356	0.0000017689
-25351	0.0000019327
-25346	0.000001767
-25341	0.0000017906
-25336	0.0000018474
-25331	0.0000022638
-25326	0.0000019687
-25321	0.000002106
-25316	0.0000018898
-25311	0.0000020129
-25306	0.0000019115
-25301	0.000002057
-25296	0.0000019578
-25291	0.0000018561
-25286	0.00000184
-25281	0.0000021067
-25276	0.0000020662
-25271	0.0000018849
-25266	0.0000022018
-25261	0.0000024475
-25256	0.0000020005
-25251	0.0000020893
-25246	0.0000020327
-25241	0.0000019389
-25236	0.0000022842
-25231	0.000002551
-25226	0.0000026887
-25221	0.0000025653
-25216	0.0000020582
-25211	0.0000026301
-25206	0.0000025272
-25201	0.0000024575
-25196	0.0000026822
-25191	0.0000023141
-25186	0.0000021613
-25181	0.0000025738
-25176	0.0000026341
-25171	0.0000027571
-25166	0.0000027471
-25161	0.0000026725
-25156	0.0000027019
-25151	0.0000024762
-25146	0.000002874
-25141	0.0000030014
-25136	0.0000027785
-25131	0.0000026769
-25126	0.0000025541
-25121	0.0000028645
-25116	0.0000026407
-25111	0.0000028638
-25106	0.0000030065
-25101	0.000003278
-25096	0.000003499
-25091	0.0000030014
-25086	0.0000028957
-25081	0.000003375
-25076	0.0000028867
-25071	0.0000031547
-25066	0.000003239
-25061	0.00000322
-25056	0.000003517
-25051	0.000003354
-25046	0.000003213
-25041	0.000003775
-25036	0.000003532
-25031	0.000003453
-25026	0.000003827
-25021	0.000003849
-25016	0.000003706
-25011	0.000003998
-25006	0.000003778
-25001	0.000003939
-24996	0.000004055
-24991	0.000003848
-24986	0.000004105
-24981	0.000004255
-24976	0.000004085
-24971	0.000003765
-24966	0.000003842
-24961	0.000004297
-24956	0.000004085
-24951	0.000004254
-24946	0.000004676
-24941	0.000004562
-24936	0.000004074
-24931	0.000004169
-24926	0.000004058
-24921	0.000004423
-24916	0.000003973
-24911	0.000004074
-24906	0.000004048
-24901	0.000004086
-24896	0.000004697
-24891	0.000004718
-24886	0.000004533
-24881	0.000004594
-24876	0.000004833
-24871	0.00000505
-24866	0.000005035
-24861	0.000004641
-24856	0.000005136
-24851	0.000004969
-24846	0.000004808
-24841	0.000004503
-24836	0.000003846
-24831	0.000004849
-24826	0.000004865
-24821	0.000004785
-24816	0.000004635
-24811	0.000004875
-24806	0.00000544
-24801	0.000005737
-24796	0.000005569
-24791	0.000005391
-24786	0.000006013
-24781	0.000005912
-24776	0.000005792
-24771	0.00000607
-24766	0.000005388
-24761	0.000005652
-24756	0.000005497
-24751	0.000005647
-24746	0.000006017
-24741	0.000005649
-24736	0.000005456
-24731	0.000005882
-24726	0.000006439
-24721	0.000006205
-24716	0.000005995
-24711	0.000006393
-24706	0.000006656
-24701	0.000006521
-24696	0.000006944
-24691	0.000006535
-24686	0.000006545
-24681	0.000005718
-24676	0.000005803
-24671	0.000005989
-24666	0.000006363
-24661	0.00000647
-24656	0.000006499
-24651	0.000006664
-24646	0.000006853
-24641	0.000006354
-24636	0.000006486
-24631	0.000007042
-24626	0.000006959
-24621	0.000006869
-24616	0.000006655
-24611	0.000007193
-24606	0.000006583
-24601	0.000007201
-24596	0.000007572
-24591	0.00000702
-24586	0.00000772
-24581	0.000006946
-24576	0.000007106
-24571	0.000007764
-24566	0.000008394
-24561	0.00000789
-24556	0.000008392
-24551	0.000008084
-24546	0.000007451
-24541	0.000007773
-24536	0.000007155
-24531	0.000008065
-24526	0.000007864
-24521	0.000008259
-24516	0.00000799
-24511	0.000007791
-24506	0.000008161
-24501	0.000008564
-24496	0.00000781
-24491	0.000007774
-24486	0.000008294
-24481	0.000008429
-24476	0.000008442
-24471	0.000008656
-24466	0.000007877
-24461	0.000008142
-24456	0.00000779
-24451	0.000008501
-24446	0.000008369
-24441	0.000008811
-24436	0.000008669
-24431	0.000008606
-24426	0.000009267
-24421	0.00000933
-24416	0.000009441
-24411	0.000008704
-24406	0.000009046
-24401	0.000009328
-24396	0.000009985
-24391	0.000010022
-24386	0.000008822
-24381	0.000008706
-24376	0.000008792
-24371	0.000008794
-24366	0.000010769
-24361	0.000009665
-24356	0.000009625
-24351	0.000009893
-24346	0.000010628
-24341	0.00001029
-24336	0.000010916
-24331	0.000009601
-24326	0.000009883
-24321	0.000010861
-24316	0.000011499
-24311	0.000010279
-24306	0.000010311
-24301	0.00000997
-24296	0.000010369
-24291	0.000010488
-24286	0.000010889
-24281	0.000013154
-24276	0.000012264
-24271	0.000011165
-24266	0.000011523
-24261	0.000010802
-24256	0.000010935
-24251	0.000011712
-24246	0.000011546
-24241	0.000013169
-24236	0.000012629
-24231	0.000011766
-24226	0.000012579
-24221	0.000012321
-24216	0.000012636
-24211	0.000011988
-24206	0.000012352
-24201	0.000012485
-24196	0.000012787
-24191	0.000012483
-24186	0.000011839
-24181	0.000012219
-24176	0.000013703
-24171	0.000012355
-24166	0.000011938
-24161	0.000013506
-24156	0.00001388
-24151	0.000013831
-24146	0.000013193
-24141	0.0000144
-24136	0.000013586
-24131	0.000013445
-24126	0.000014734
-24121	0.000014881
-24116	0.000014375
-24111	0.000014654
-24106	0.000012542
-24101	0.000014197
-24096	0.000013309
-24091	0.000014367
-24086	0.000014181
-24081	0.000014404
-24076	0.000015534
-24071	0.000015826
-24066	0.000014681
-24061	0.000015394
-24056	0.000015487
-24051	0.000015642
-24046	0.000015292
-24041	0.000016554
-24036	0.000015701
-24031	0.000016073
-24026	0.000015708
-24021	0.000015375
-24016	0.000015401
-24011	0.000015615
-24006	0.000015167
-24001	0.000016286
-23996	0.000016715
-23991	0.00001615
-23986	0.000018533
-23981	0.000017245
-23976	0.000016519
-23971	0.000016735
-23966	0.000016136
-23961	0.000016821
-23956	0.000015511
-23951	0.000017713
-23946	0.000017623
-23941	0.000016413
-23936	0.000018348
-23931	0.000018143
-23926	0.000017646
-23921	0.000017939
-23916	0.000019191
-23911	0.000019805
-23906	0.000018214
-23901	0.000018492
-23896	0.000018034
-23891	0.00001785
-23886	0.000018346
-23881	0.000019724
-23876	0.000018056
-23871	0.000019722
-23866	0.000018575
-23861	0.000018831
-23856	0.000020549
-23851	0.000021197
-23846	0.000020717
-23841	0.000021176
-23836	0.000019582
-23831	0.000021038
-23826	0.000018963
-23821	0.000020877
-23816	0.000022218
-23811	0.000019515
-23806	0.000019985
-23801	0.000021331
-23796	0.000020937
-23791	0.000021856
-23786	0.000022899
-23781	0.000020661
-23776	0.000020491
-23771	0.000022805
-23766	0.000021845
-23761	0.000022307
-23756	0.000023231
-23751	0.000021296
-23746	0.000023196
-23741	0.000024661
-23736	0.000021852
-23731	0.000022359
-23726	0.000020723
-23721	0.00002382
-23716	0.000024184
-23711	0.000023298
-23706	0.000024001
-23701	0.000021749
-23696	0.00002581
-23691	0.000024282
-23686	0.000026557
-23681	0.000025198
-23676	0.000024918
-23671	0.000024568
-23666	0.000025276
-23661	0.000024925
-23656	0.000023684
-23651	0.000025026
-23646	0.000026285
-23641	0.00002518
-23636	0.000025917
-23631	0.000025965
-23626	0.000025674
-23621	0.000028363
-23616	0.000027952
-23611	0.00002727
-23606	0.000026139
-23601	0.000027392
-23596	0.000024788
-23591	0.00002653
-23586	0.000026968
-23581	0.00002745
-23576	0.000028226
-23571	0.000027175
-23566	0.000026547
-23561	0.000031111
-23556	0.000030213
-23551	0.000028722
-23546	0.000027018
-23541	0.000027929
-23536	0.000029444
-23531	0.000029925
-23526	0.000029555
-23521	0.000028629
-23516	0.000030535
-23511	0.00003258
-23506	0.000030074
-23501	0.000030242
-23496	0.00003377
-23491	0.00003326
-23486	0.000031047
-23481	0.00003156
-23476	0.00003166
-23471	0.000030973
-23466	0.00003168
-23461	0.00003213
-23456	0.00003259
-23451	0.00003316
-23446	0.00003341
-23441	0.00003413
-23436	0.00003334
-23431	0.00003264
-23426	0.00003275
-23421	0.00003312
-23416	0.00003253
-23411	0.000031376
-23406	0.00003242
-23401	0.00003323
-23396	0.00003531
-23391	0.00003388
-23386	0.00003399
-23381	0.00003516
-23376	0.00003474
-23371	0.00003378
-23366	0.00003412
-23361	0.00003677
-23356	0.00003709
-23351	0.00003701
-23346	0.00003561
-23341	0.00003714
-23336	0.0000356
-23331	0.00003724
-23326	0.00003572
-23321	0.00003608
-23316	0.00003746
-23311	0.0000397
-23306	0.00003832
-23301	0.00003799
-23296	0.00003837
-23291	0.00004002
-23286	0.00003862
-23281	0.00003873
-23276	0.0000405
-23271	0.0000365
-23266	0.00003844
-23261	0.00003841
-23256	0.00003854
-23251	0.00004026
-23246	0.00003977
-23241	0.00004014
-23236	0.00004101
-23231	0.00004203
-23226	0.000039
-23221	0.00004174
-23216	0.00004106
-23211	0.00004214
-23206	0.0000392
-23201	0.0000378
-23196	0.00003985
-23191	0.00004235
-23186	0.00004171
-23181	0.00003982
-23176	0.00004242
-23171	0.00004026
-23166	0.00004344
-23161	0.00004358
-23156	0.00004148
-23151	0.00004458
-23146	0.00004216
-23141	0.00004264
-23136	0.00004051
-23131	0.00004001
-23126	0.00004334
-23121	0.00004345
-23116	0.00004867
-23111	0.00004439
-23106	0.00004708
-23101	0.000045
-23096	0.00004593
-23091	0.00004684
-23086	0.00004078
-23081	0.00004682
-23076	0.00004489
-23071	0.00004389
-23066	0.0000477
-23061	0.00004754
-23056	0.00004597
-23051	0.00004822
-23046	0.00004585
-23041	0.00004759
-23036	0.00004821
-23031	0.00004949
-23026	0.00004925
-23021	0.0000488
-23016	0.00004881
-23011	0.00004869
-23006	0.00004797
-23001	0.00004733
-22996	0.00004742
-22991	0.00004876
-22986	0.00005102
-22981	0.00004635
-22976	0.00004693
-22971	0.00005194
-22966	0.00005279
-22961	0.00005098
-22956	0.00004918
-22951	0.00004943
-22946	0.00004934
-22941	0.00004823
-22936	0.00005126
-22931	0.00005283
-22926	0.0000516
-22921	0.00005522
-22916	0.00005232
-22911	0.00005433
-22906	0.00005213
-22901	0.00005643
-22896	0.00005444
-22891	0.00005234
-22886	0.0000558
-22881	0.00005692
-22876	0.0000576
-22871	0.0000556
-22866	0.00005908
-22861	0.00005531
-22856	0.00005822
-22851	0.00005637
-22846	0.00005641
-22841	0.00005854
-22836	0.00005788
-22831	0.0000574
-22826	0.00005687
-22821	0.0000563
-22816	0.00005455
-22811	0.0000557
-22806	0.0000589
-22801	0.00005616
-22796	0.00005508
-22791	0.00005998
-22786	0.00005717
-22781	0.00006031
-22776	0.00005571
-22771	0.00006037
-22766	0.00005882
-22761	0.00006265
-22756	0.00005732
-22751	0.00006273
-22746	0.00006379
-22741	0.00005847
-22736	0.00005801
-22731	0.00006154
-22726	0.00006229
-22721	0.00006529
-22716	0.0000619
-22711	0.0000589
-22706	0.00005952
-22701	0.00006079
-22696	0.00006394
-22691	0.00006081
-22686	0.00006247
-22681	0.00006033
-22676	0.00006228
-22671	0.00006376
-22666	0.00006213
-22661	0.00006039
-22656	0.00006544
-22651	0.00006414
-22646	0.00006355
-22641	0.00006206
-22636	0.00006696
-22631	0.00006724
-22626	0.00006163
-22621	0.00006707
-22616	0.00006202
-22611	0.00006529
-22606	0.00006583
-22601	0.00006728
-22596	0.0000672
-22591	0.00006961
-22586	0.00006753
-22581	0.00006708
-22576	0.00006977
-22571	0.0000668
-22566	0.00006712
-22561	0.00006956
-22556	0.0000676
-22551	0.00006937
-22546	0.00006812
-22541	0.00006862
-22536	0.0000716
-22531	0.00007105
-22526	0.00006972
-22521	0.00007064
-22516	0.00006898
-22511	0.0000707
-22506	0.00007132
-22501	0.00006451
-22496	0.00007054
-22491	0.00007257
-22486	0.00007446
-22481	0.00007492
-22476	0.00007439
-22471	0.00006904
-22466	0.0000698
-22461	0.0000733
-22456	0.00007112
-22451	0.00006937
-22446	0.00007363
-22441	0.00007508
-22436	0.00007257
-22431	0.00007243
-22426	0.00007053
-22421	0.00007571
-22416	0.00007187
-22411	0.00007266
-22406	0.00007449
-22401	0.00007489
-22396	0.00007854
-22391	0.00007925
-22386	0.00007768
-22381	0.00008003
-22376	0.00008035
-22371	0.00007432
-22366	0.00007617
-22361	0.00008037
-22356	0.00007261
-22351	0.00007903
-22346	0.00007862
-22341	0.00007872
-22336	0.0000817
-22331	0.00007804
-22326	0.00007861
-22321	0.00008253
-22316	0.00007829
-22311	0.00007862
-22306	0.00007862
-22301	0.00008182
-22296	0.00008272
-22291	0.00008017
-22286	0.00007928
-22281	0.00007911
-22276	0.00008687
-22271	0.00008247
-22266	0.0000782
-22261	0.00008298
-22256	0.00007986
-22251	0.00007912
-22246	0.00008509
-22241	0.00008311
-22236	0.00008029
-22231	0.00008584
-22226	0.00007949
-22221	0.00008572
-22216	0.00008685
-22211	0.00008358
-22206	0.00008664
-22201	0.0000839
-22196	0.00008188
-22191	0.00008724
-22186	0.00008741
-22181	0.00008075
-22176	0.00008463
-22171	0.00008883
-22166	0.00008598
-22161	0.00008056
-22156	0.00008589
-22151	0.00008846
-22146	0.00008746
-22141	0.0000816
-22136	0.00008528
-22131	0.00009242
-22126	0.00009138
-22121	0.00009711
-22116	0.00008576
-22111	0.00008216
-22106	0.00008446
-22101	0.00008692
-22096	0.00008991
-22091	0.00009016
-22086	0.00009014
-22081	0.00009255
-22076	0.00008643
-22071	0.00008496
-22066	0.00009229
-22061	0.0000888
-22056	0.00009436
-22051	0.00009016
-22046	0.00009017
-22041	0.00008666
-22036	0.0000866
-22031	0.00009206
-22026	0.00008936
-22021	0.00008881
-22016	0.00009378
-22011	0.00009304
-22006	0.00009571
-22001	0.00009398
-21996	0.00009793
-21991	0.0000888
-21986	0.0000875
-21981	0.00008882
-21976	0.00009346
-21971	0.0000886
-21966	0.00009043
-21961	0.00009783
-21956	0.00009559
-21951	0.00009846
-21946	0.00008819
-21941	0.00009545
-21936	0.00009119
-21931	0.00009466
-21926	0.00009284
-21921	0.00009618
-21916	0.00009431
-21911	0.00010142
-21906	0.00009889
-21901	0.00009956
-21896	0.00009551
-21891	0.00009939
-21886	0.00009385
-21881	0.00009816
-21876	0.0000956
-21871	0.00009828
-21866	0.00009999
-21861	0.00009839
-21856	0.0000981
-21851	0.00009896
-21846	0.00010135
-21841	0.00010304
-21836	0.00009936
-21831	0.00009375
-21826	0.00009816
-21821	0.00009782
-21816	0.00010062
-21811	0.00009998
-21806	0.00009749
-21801	0.00009763
-21796	0.00010454
-21791	0.00009778
-21786	0.00010157
-21781	0.00009934
-21776	0.00009768
-21771	0.00009881
-21766	0.00009794
-21761	0.00010008
-21756	0.000102
-21751	0.0000964
-21746	0.00009775
-21741	0.00009622
-21736	0.00010237
-21731	0.00010382
-21726	0.00010349
-21721	0.00010377
-21716	0.00010036
-21711	0.00009648
-21706	0.00009925
-21701	0.00010735
-21696	0.0000973
-21691	0.00009837
-21686	0.0001015
-21681	0.00009969
-21676	0.00010771
-21671	0.00010709
-21666	0.00010825
-21661	0.00010377
-21656	0.00010977
-21651	0.0001018
-21646	0.00011112
-21641	0.00010493
-21636	0.00010523
-21631	0.00010783
-21626	0.00011135
-21621	0.00010599
-21616	0.00010043
-21611	0.00010754
-21606	0.00011129
-21601	0.00010724
-21596	0.0001074
-21591	0.00010315
-21586	0.00010514
-21581	0.00010556
-21576	0.00010392
-21571	0.00010782
-21566	0.0001106
-21561	0.00011047
-21556	0.00010299
-21551	0.00010482
-21546	0.00011106
-21541	0.00011268
-21536	0.00011237
-21531	0.00010335
-21526	0.00010643
-21521	0.00011097
-21516	0.00010885
-21511	0.00010358
-21506	0.00010838
-21501	0.00011135
-21496	0.00011041
-21491	0.00010827
-21486	0.00010843
-21481	0.00010997
-21476	0.00011065
-21471	0.00010683
-21466	0.00011391
-21461	0.00011436
-21456	0.00010886
-21451	0.00011192
-21446	0.00011243
-21441	0.00010912
-21436	0.00010785
-21431	0.00010512
-21426	0.00011121
-21421	0.00011085
-21416	0.00011344
-21411	0.00011179
-21406	0.00011807
-21401	0.00011865
-21396	0.00011489
-21391	0.00010939
-21386	0.00011166
-21381	0.00010599
-21376	0.00010984
-21371	0.00010989
-21366	0.00011313
-21361	0.0001099
-21356	0.00011533
-21351	0.0001159
-21346	0.00011273
-21341	0.00011443
-21336	0.00011785
-21331	0.00011785
-21326	0.00011425
-21321	0.00010771
-21316	0.00011817
-21311	0.00011782
-21306	0.00012059
-21301	0.0001159
-21296	0.00011319
-21291	0.00012177
-21286	0.00011194
-21281	0.00011702
-21276	0.00011873
-21271	0.00011532
-21266	0.00011727
-21261	0.00011479
-21256	0.00011522
-21251	0.00011031
-21246	0.00011434
-21241	0.00011111
-21236	0.00011059
-21231	0.00011683
-21226	0.00011917
-21221	0.00010957
-21216	0.00011846
-21211	0.00011727
-21206	0.00011956
-21201	0.00011459
-21196	0.00012141
-21191	0.00011627
-21186	0.00012217
-21181	0.0001171
-21176	0.0001088
-21171	0.00011361
-21166	0.00011669
-21161	0.00011768
-21156	0.00012507
-21151	0.0001226
-21146	0.00011915
-21141	0.00012134
-21136	0.00012055
-21131	0.00012046
-21126	0.00012091
-21121	0.00012235
-21116	0.00011456
-21111	0.00011612
-21106	0.00012158
-21101	0.00011899
-21096	0.00011698
-21091	0.00011954
-21086	0.00011912
-21081	0.00012244
-21076	0.00012298
-21071	0.00011731
-21066	0.00012202
-21061	0.00011749
-21056	0.0001221
-21051	0.00011683
-21046	0.0001174
-21041	0.00012024
-21036	0.00012517
-21031	0.00012233
-21026	0.00012106
-21021	0.00012167
-21016	0.00012027
-21011	0.000121
-21006	0.00011895
-21001	0.00011678
-20996	0.00011992
-20991	0.0001266
-20986	0.00012267
-20981	0.00012005
-20976	0.00011963
-20971	0.00012112
-20966	0.00012086
-20961	0.00011863
-20956	0.00012377
-20951	0.00011697
-20946	0.00012156
-20941	0.00011825
-20936	0.00011984
-20931	0.00012029
-20926	0.00012059
-20921	0.0001158
-20916	0.00012692
-20911	0.00012419
-20906	0.00012438
-20901	0.00012008
-20896	0.00012577
-20891	0.00012763
-20886	0.00012027
-20881	0.00012479
-20876	0.00012228
-20871	0.00012097
-20866	0.00012437
-20861	0.00012791
-20856	0.00012504
-20851	0.0001265
-20846	0.00012904
-20841	0.00012377
-20836	0.00011841
-20831	0.00012259
-20826	0.00012088
-20821	0.00012845
-20816	0.00011769
-20811	0.0001298
-20806	0.00012589
-20801	0.00012562
-20796	0.00012808
-20791	0.00012202
-20786	0.00012542
-20781	0.0001291
-20776	0.00011936
-20771	0.00011807
-20766	0.0001231
-20761	0.0001247
-20756	0.00012609
-20751	0.00012122
-20746	0.00011973
-20741	0.00011876
-20736	0.00012622
-20731	0.00012565
-20726	0.00012895
-20721	0.00012533
-20716	0.00012687
-20711	0.00012137
-20706	0.00011745
-20701	0.00011973
-20696	0.0001221
-20691	0.00012427
-20686	0.00012407
-20681	0.00011603
-20676	0.00012559
-20671	0.00012926
-20666	0.00012352
-20661	0.00012242
-20656	0.00012688
-20651	0.00012852
-20646	0.00012433
-20641	0.00012355
-20636	0.00012835
-20631	0.00011702
-20626	0.00012777
-20621	0.00011935
-20616	0.00011988
-20611	0.00012494
-20606	0.00012918
-20601	0.00012883
-20596	0.00012837
-20591	0.00012971
-20586	0.00012382
-20581	0.00012452
-20576	0.00012508
-20571	0.00012711
-20566	0.00012769
-20561	0.00012518
-20556	0.0001279
-20551	0.00012431
-20546	0.00012996
-20541	0.00012807
-20536	0.00012359
-20531	0.00012828
-20526	0.0001236
-20521	0.00013184
-20516	0.00013176
-20511	0.00012341
-20506	0.00013025
-20501	0.00012515
-20496	0.00012637
-20491	0.00013007
-20486	0.00012807
-20481	0.0001248
-20476	0.00013112
-20471	0.0001248
-20466	0.00013274
-20461	0.00012755
-20456	0.00012284
-20451	0.00012107
-20446	0.00012385
-20441	0.00012634
-20436	0.00012039
-20431	0.00012388
-20426	0.00012814
-20421	0.00012591
-20416	0.00012719
-20411	0.00013427
-20406	0.00012138
-20401	0.00012461
-20396	0.00013093
-20391	0.00012678
-20386	0.00013191
-20381	0.00012421
-20376	0.00012917
-20371	0.00012483
-20366	0.00012218
-20361	0.00012851
-20356	0.00013139
-20351	0.0001227
-20346	0.00012325
-20341	0.00013349
-20336	0.00012351
-20331	0.0001231
-20326	0.00013045
-20321	0.00012504
-20316	0.00012703
-20311	0.00012842
-20306	0.00012538
-20301	0.00012639
-20296	0.00012804
-20291	0.00012902
-20286	0.00012374
-20281	0.00012841
-20276	0.00011758
-20271	0.00012422
-20266	0.00012875
-20261	0.00012771
-20256	0.00012439
-20251	0.00012605
-20246	0.00012339
-20241	0.0001314
-20236	0.00012129
-20231	0.00012617
-20226	0.00012711
-20221	0.00012825
-20216	0.00012227
-20211	0.00012207
-20206	0.00012891
-20201	0.00012445
-20196	0.00012733
-20191	0.00012615
-20186	0.00012754
-20181	0.00012269
-20176	0.00012527
-20171	0.00012697
-20166	0.00012813
-20161	0.00012668
-20156	0.00012368
-20151	0.00012427
-20146	0.00012532
-20141	0.00012652
-20136	0.00012628
-20131	0.0001263
-20126	0.00012918
-20121	0.00012744
-20116	0.00012912
-20111	0.00012166
-20106	0.00012799
-20101	0.00012297
-20096	0.00012707
-20091	0.00012278
-20086	0.00012982
-20081	0.00013074
-20076	0.0001288
-20071	0.00012468
-20066	0.00012765
-20061	0.0001296
-20056	0.000126
-20051	0.00012836
-20046	0.00013113
-20041	0.00012484
-20036	0.00012452
-20031	0.00012193
-20026	0.00011904
-20021	0.00012647
-20016	0.00013184
-20011	0.00012894
-20006	0.00012246
-20001	0.000126
-19996	0.00012427
-19991	0.0001191
-19986	0.00012624
-19981	0.00012039
-19976	0.00012579
-19971	0.00012436
-19966	0.00012112
-19961	0.00012991
-19956	0.00012532
-19951	0.00012843
-19946	0.0001226
-19941	0.00012478
-19936	0.00012714
-19931	0.00012705
-19926	0.00013174
-19921	0.00012988
-19916	0.00012353
-19911	0.00012991
-19906	0.00012856
-19901	0.00012385
-19896	0.00012504
-19891	0.00012849
-19886	0.00012026
-19881	0.00012808
-19876	0.0001215
-19871	0.00012685
-19866	0.00012529
-19861	0.00013041
-19856	0.00012622
-19851	0.00012176
-19846	0.00012441
-19841	0.0001268
-19836	0.00013083
-19831	0.00012799
-19826	0.00013183
-19821	0.0001189
-19816	0.00012155
-19811	0.0001247
-19806	0.0001233
-19801	0.00012436
-19796	0.00012024
-19791	0.00012486
-19786	0.0001254
-19781	0.00012397
-19776	0.00012511
-19771	0.00012734
-19766	0.00012961
-19761	0.00012881
-19756	0.00012785
-19751	0.00012917
-19746	0.00013126
-19741	0.00012084
-19736	0.00011447
-19731	0.00012473
-19726	0.00012426
-19721	0.00012501
-19716	0.00012392
-19711	0.00012298
-19706	0.0001194
-19701	0.0001188
-19696	0.00011971
-19691	0.00012112
-19686	0.00012663
-19681	0.00011748
-19676	0.00012577
-19671	0.00012206
-19666	0.0001241
-19661	0.00012557
-19656	0.00013064
-19651	0.00012907
-19646	0.00012761
-19641	0.00012505
-19636	0.00012876
-19631	0.00012709
-19626	0.00012421
-19621	0.00012816
-19616	0.00012646
-19611	0.00012279
-19606	0.00012314
-19601	0.00012569
-19596	0.00012303
-19591	0.00011816
-19586	0.00012882
-19581	0.00012245
-19576	0.00011985
-19571	0.0001201
-19566	0.00011998
-19561	0.0001228
-19556	0.00011792
-19551	0.00012659
-19546	0.00012591
-19541	0.00012133
-19536	0.00012125
-19531	0.00012593
-19526	0.00012452
-19521	0.00012209
-19516	0.00012446
-19511	0.00012532
-19506	0.0001293
-19501	0.00012247
-19496	0.00012685
-19491	0.00012148
-19486	0.00013497
-19481	0.00012664
-19476	0.00012637
-19471	0.00012759
-19466	0.00012165
-19461	0.00012442
-19456	0.00012362
-19451	0.00012589
-19446	0.00012553
-19441	0.00012509
-19436	0.00012962
-19431	0.00012478
-19426	0.00012352
-19421	0.00012749
-19416	0.00011654
-19411	0.00012237
-19406	0.00012466
-19401	0.00012669
-19396	0.0001231
-19391	0.00012329
-19386	0.00012527
-19381	0.00011641
-19376	0.00011522
-19371	0.00012718
-19366	0.00012427
-19361	0.00012363
-19356	0.00011356
-19351	0.00011952
-19346	0.00011883
-19341	0.00011899
-19336	0.00011891
-19331	0.00012301
-19326	0.0001237
-19321	0.00011721
-19316	0.0001248
-19311	0.00012332
-19306	0.0001212
-19301	0.00012158
-19296	0.00012095
-19291	0.00012605
-19286	0.00012143
-19281	0.00012309
-19276	0.00012241
-19271	0.000122
-19266	0.00012622
-19261	0.00011713
-19256	0.00011896
-19251	0.00012206
-19246	0.00012308
-19241	0.00011528
-19236	0.00012189
-19231	0.00011832
-19226	0.0001137
-19221	0.00012089
-19216	0.00012199
-19211	0.00012883
-19206	0.00012337
-19201	0.00011571
-19196	0.000122
-19191	0.00011488
-19186	0.00012433
-19181	0.00011763
-19176	0.00011892
-19171	0.00012189
-19166	0.00011696
-19161	0.00012415
-19156	0.00011524
-19151	0.00012112
-19146	0.0001283
-19141	0.00012828
-19136	0.00012688
-19131	0.00012374
-19126	0.00012557
-19121	0.00012525
-19116	0.00011896
-19111	0.00012071
-19106	0.00011778
-19101	0.00012969
-19096	0.00012279
-19091	0.00012358
-19086	0.00012003
-19081	0.00012695
-19076	0.00012059
-19071	0.00012111
-19066	0.00011661
-19061	0.00012477
-19056	0.00012207
-19051	0.00011989
-19046	0.00012681
-19041	0.00011889
-19036	0.00012111
-19031	0.00011627
-19026	0.00011421
-19021	0.00012574
-19016	0.00012234
-19011	0.00012376
-19006	0.00012421
-19001	0.00012229
-18996	0.0001252
-18991	0.00012132
-18986	0.00012604
-18981	0.00012021
-18976	0.00011912
-18971	0.00011264
-18966	0.00012149
-18961	0.00012056
-18956	0.00012304
-18951	0.00013112
-18946	0.00012253
-18941	0.0001161
-18936	0.00012085
-18931	0.00012507
-18926	0.00011217
-18921	0.00011685
-18916	0.00012337
-18911	0.00012358
-18906	0.0001279
-18901	0.00012025
-18896	0.00012417
-18891	0.00012006
-18886	0.0001162
-18881	0.00011822
-18876	0.00012233
-18871	0.00011627
-18866	0.00011999
-18861	0.00010738
-18856	0.00012495
-18851	0.00012011
-18846	0.00011161
-18841	0.00011794
-18836	0.00012194
-18831	0.0001216
-18826	0.00012067
-18821	0.00011401
-18816	0.00011318
-18811	0.00012075
-18806	0.000122
-18801	0.00012392
-18796	0.0001152
-18791	0.00011635
-18786	0.00012307
-18781	0.00012563
-18776	0.00011653
-18771	0.0001225
-18766	0.00011864
-18761	0.00012231
-18756	0.00012512
-18751	0.00012377
-18746	0.00011901
-18741	0.00011928
-18736	0.00012337
-18731	0.00011839
-18726	0.00011598
-18721	0.0001155
-18716	0.00011277
-18711	0.0001179
-18706	0.00011752
-18701	0.00012243
-18696	0.00012099
-18691	0.00011508
-18686	0.00012243
-18681	0.00011826
-18676	0.00011678
-18671	0.00011259
-18666	0.00011928
-18661	0.00011602
-18656	0.00011796
-18651	0.00011375
-18646	0.00011387
-18641	0.00011911
-18636	0.00011985
-18631	0.00012017
-18626	0.00012523
-18621	0.00011556
-18616	0.00011663
-18611	0.00011939
-18606	0.00011718
-18601	0.00011661
-18596	0.00011982
-18591	0.00011734
-18586	0.0001173
-18581	0.00011719
-18576	0.00011773
-18571	0.00011666
-18566	0.00011453
-18561	0.00011902
-18556	0.00011389
-18551	0.00012202
-18546	0.00011816
-18541	0.00011781
-18536	0.00011582
-18531	0.00011406
-18526	0.00011523
-18521	0.00011468
-18516	0.00011578
-18511	0.00011522
-18506	0.0001138
-18501	0.00011312
-18496	0.00011801
-18491	0.00012293
-18486	0.00011313
-18481	0.00011664
-18476	0.00011473
-18471	0.00011645
-18466	0.00011667
-18461	0.00010864
-18456	0.00011553
-18451	0.00011295
-18446	0.00011187
-18441	0.0001118
-18436	0.00011342
-18431	0.00011252
-18426	0.00012112
-18421	0.0001132
-18416	0.00011392
-18411	0.0001145
-18406	0.00011823
-18401	0.00011623
-18396	0.00011604
-18391	0.00011659
-18386	0.00011921
-18381	0.00011856
-18376	0.00011569
-18371	0.00011265
-18366	0.00011368
-18361	0.00011256
-18356	0.00011277
-18351	0.0001145
-18346	0.000115
-18341	0.00011543
-18336	0.00011663
-18331	0.00011322
-18326	0.00011403
-18321	0.00011494
-18316	0.00011223
-18311	0.00011487
-18306	0.00010908
-18301	0.00010935
-18296	0.0001101
-18291	0.00011143
-18286	0.0001166
-18281	0.00011782
-18276	0.00011652
-18271	0.00011583
-18266	0.00011389
-18261	0.00011046
-18256	0.00011036
-18251	0.0001227
-18246	0.0001122
-18241	0.00011153
-18236	0.00012153
-18231	0.00011636
-18226	0.00011059
-18221	0.00010882
-18216	0.00011086
-18211	0.00011572
-18206	0.0001093
-18201	0.00011604
-18196	0.00011193
-18191	0.00011258
-18186	0.00011572
-18181	0.00011081
-18176	0.00012187
-18171	0.00011363
-18166	0.0001096
-18161	0.00011627
-18156	0.00011094
-18151	0.00011689
-18146	0.00011362
-18141	0.00011739
-18136	0.00011318
-18131	0.00011436
-18126	0.00011672
-18121	0.00011515
-18116	0.00011829
-18111	0.00011744
-18106	0.00011281
-18101	0.00011512
-18096	0.00010993
-18091	0.00011322
-18086	0.00011955
-18081	0.00011531
-18076	0.00011255
-18071	0.0001117
-18066	0.00011333
-18061	0.00011401
-18056	0.00011663
-18051	0.00011239
-18046	0.00011416
-18041	0.00010795
-18036	0.00011872
-18031	0.00011007
-18026	0.00011723
-18021	0.00010546
-18016	0.00011378
-18011	0.00011244
-18006	0.00011044
-18001	0.00011784
-17996	0.00011189
-17991	0.00011064
-17986	0.00010656
-17981	0.00010918
-17976	0.00011031
-17971	0.00011132
-17966	0.0001095
-17961	0.00011251
-17956	0.0001085
-17951	0.00011269
-17946	0.00011576
-17941	0.00010767
-17936	0.00011322
-17931	0.00010979
-17926	0.00011271
-17921	0.00010657
-17916	0.00011775
-17911	0.00011538
-17906	0.00010867
-17901	0.00010007
-17896	0.00010651
-17891	0.00011068
-17886	0.00011198
-17881	0.00011394
-17876	0.0001115
-17871	0.00010974
-17866	0.00010605
-17861	0.00011203
-17856	0.00011164
-17851	0.00011595
-17846	0.00011237
-17841	0.00011484
-17836	0.00011081
-17831	0.0001115
-17826	0.00010118
-17821	0.00011033
-17816	0.00010864
-17811	0.00011264
-17806	0.00010822
-17801	0.0001105
-17796	0.00011047
-17791	0.00010664
-17786	0.00010922
-17781	0.00011017
-17776	0.00010809
-17771	0.00011491
-17766	0.00010687
-17761	0.00011126
-17756	0.00010929
-17751	0.00010906
-17746	0.00010648
-17741	0.00011627
-17736	0.00011055
-17731	0.0001122
-17726	0.0001103
-17721	0.00010486
-17716	0.00010099
-17711	0.00009911
-17706	0.00010582
-17701	0.00010609
-17696	0.00011437
-17691	0.00010781
-17686	0.00011017
-17681	0.00010603
-17676	0.00010972
-17671	0.00010796
-17666	0.00010639
-17661	0.00011204
-17656	0.00010913
-17651	0.00010569
-17646	0.00011114
-17641	0.00011041
-17636	0.00011367
-17631	0.0001113
-17626	0.00010792
-17621	0.00010659
-17616	0.00010904
-17611	0.00011006
-17606	0.00010565
-17601	0.00010992
-17596	0.00011189
-17591	0.00010772
-17586	0.00010446
-17581	0.00010709
-17576	0.00011713
-17571	0.00010584
-17566	0.00010888
-17561	0.00010748
-17556	0.00010933
-17551	0.00010448
-17546	0.00010631
-17541	0.00010663
-17536	0.00010296
-17531	0.00011149
-17526	0.00011012
-17521	0.00010406
-17516	0.00011097
-17511	0.00010974
-17506	0.00011374
-17501	0.00010819
-17496	0.00010922
-17491	0.00010288
-17486	0.00010899
-17481	0.00011098
-17476	0.00010876
-17471	0.00010784
-17466	0.00010722
-17461	0.00010093
-17456	0.00011195
-17451	0.00010583
-17446	0.00010107
-17441	0.00010512
-17436	0.00010836
-17431	0.00010641
-17426	0.0001061
-17421	0.0001017
-17416	0.00010213
-17411	0.0001029
-17406	0.00010461
-17401	0.00011013
-17396	0.00010772
-17391	0.00010792
-17386	0.00010619
-17381	0.00010112
-17376	0.00010169
-17371	0.00010765
-17366	0.00010056
-17361	0.00010244
-17356	0.00009845
-17351	0.00010425
-17346	0.00010779
-17341	0.0001031
-17336	0.00010176
-17331	0.00010292
-17326	0.00010455
-17321	0.00010274
-17316	0.000108
-17311	0.00010597
-17306	0.000107
-17301	0.00010231
-17296	0.00010392
-17291	0.00009767
-17286	0.00010875
-17281	0.00010348
-17276	0.000105
-17271	0.00010459
-17266	0.00011023
-17261	0.00009935
-17256	0.00010756
-17251	0.0000973
-17246	0.00010804
-17241	0.00010479
-17236	0.00010649
-17231	0.00009713
-17226	0.00010528
-17221	0.00010298
-17216	0.00009779
-17211	0.00010168
-17206	0.00010901
-17201	0.00010445
-17196	0.00009987
-17191	0.00010241
-17186	0.00010266
-17181	0.0001063
-17176	0.00009977
-17171	0.00010664
-17166	0.00010517
-17161	0.00010338
-17156	0.00011045
-17151	0.00010837
-17146	0.00010377
-17141	0.0001044
-17136	0.00010754
-17131	0.00010513
-17126	0.00011086
-17121	0.00010048
-17116	0.00010144
-17111	0.00010483
-17106	0.00010168
-17101	0.00010328
-17096	0.00010009
-17091	0.00010067
-17086	0.0000983
-17081	0.00009767
-17076	0.00009825
-17071	0.0000981
-17066	0.0000954
-17061	0.00009803
-17056	0.00009822
-17051	0.00009542
-17046	0.00010323
-17041	0.00010657
-17036	0.00010151
-17031	0.00010037
-17026	0.00010553
-17021	0.00009903
-17016	0.00010377
-17011	0.00009652
-17006	0.00010087
-17001	0.00010301
-16996	0.0000976
-16991	0.00010106
-16986	0.00009637
-16981	0.00009971
-16976	0.00010107
-16971	0.0000984
-16966	0.00010189
-16961	0.00009724
-16956	0.00009583
-16951	0.00009762
-16946	0.00009711
-16941	0.00010217
-16936	0.00010212
-16931	0.00009848
-16926	0.00010006
-16921	0.00009927
-16916	0.00010665
-16911	0.00010137
-16906	0.00009816
-16901	0.00010005
-16896	0.00009679
-16891	0.0000969
-16886	0.00010119
-16881	0.00009218
-16876	0.00009435
-16871	0.00009759
-16866	0.00010062
-16861	0.00009782
-16856	0.00010457
-16851	0.00009853
-16846	0.00009717
-16841	0.0000974
-16836	0.00009506
-16831	0.00010466
-16826	0.00010195
-16821	0.00010681
-16816	0.00010471
-16811	0.00009841
-16806	0.00010303
-16801	0.0000993
-16796	0.00009602
-16791	0.0001003
-16786	0.00009708
-16781	0.00010174
-16776	0.00009342
-16771	0.00009453
-16766	0.00009489
-16761	0.00010233
-16756	0.00009747
-16751	0.00009701
-16746	0.00009633
-16741	0.00009906
-16736	0.00009763
-16731	0.00009796
-16726	0.00009949
-16721	0.00009572
-16716	0.00009952
-16711	0.00009523
-16706	0.00009589
-16701	0.00009762
-16696	0.00009953
-16691	0.00009828
-16686	0.00009575
-16681	0.0000969
-16676	0.00009323
-16671	0.00009431
-16666	0.0000942
-16661	0.00009501
-16656	0.00010137
-16651	0.0000958
-16646	0.00009218
-16641	0.00009488
-16636	0.00009357
-16631	0.0000993
-16626	0.00010243
-16621	0.0000978
-16616	0.0000949
-16611	0.00009713
-16606	0.00009618
-16601	0.00009818
-16596	0.00009325
-16591	0.00009014
-16586	0.00009513
-16581	0.00009474
-16576	0.00009621
-16571	0.00009089
-16566	0.00009297
-16561	0.00009586
-16556	0.00009739
-16551	0.00009643
-16546	0.00010112
-16541	0.00009373
-16536	0.00009374
-16531	0.00009026
-16526	0.00009401
-16521	0.00009697
-16516	0.00009044
-16511	0.00009576
-16506	0.00009725
-16501	0.0000984
-16496	0.00009637
-16491	0.00009606
-16486	0.00009436
-16481	0.00009549
-16476	0.00009754
-16471	0.00009593
-16466	0.00009797
-16461	0.0000906
-16456	0.00009714
-16451	0.00009122
-16446	0.00009107
-16441	0.0000905
-16436	0.00009456
-16431	0.00009724
-16426	0.00009319
-16421	0.00009028
-16416	0.00008867
-16411	0.00008855
-16406	0.00009404
-16401	0.00009172
-16396	0.00009138
-16391	0.00009829
-16386	0.00009057
-16381	0.0000918
-16376	0.00009256
-16371	0.00009793
-16366	0.00009143
-16361	0.0000911
-16356	0.00009603
-16351	0.00009194
-16346	0.00009494
-16341	0.00009096
-16336	0.00009008
-16331	0.00009253
-16326	0.00009214
-16321	0.00009321
-16316	0.00008979
-16311	0.00009524
-16306	0.00009582
-16301	0.00009284
-16296	0.00009137
-16291	0.00009568
-16286	0.00009008
-16281	0.00009432
-16276	0.00009537
-16271	0.00009175
-16266	0.00009514
-16261	0.00009179
-16256	0.00008927
-16251	0.00008981
-16246	0.00008851
-16241	0.00008752
-16236	0.00009729
-16231	0.00008812
-16226	0.00009093
-16221	0.00009527
-16216	0.00009456
-16211	0.00009449
-16206	0.00009209
-16201	0.000093
-16196	0.0000896
-16191	0.00009028
-16186	0.00008973
-16181	0.00009046
-16176	0.00009128
-16171	0.00008824
-16166	0.00008941
-16161	0.0000879
-16156	0.00008412
-16151	0.00008775
-16146	0.00008894
-16141	0.00009225
-16136	0.00009398
-16131	0.00009383
-16126	0.00008708
-16121	0.00009233
-16116	0.00008567
-16111	0.00008786
-16106	0.00009465
-16101	0.00008555
-16096	0.00008666
-16091	0.00009213
-16086	0.00008958
-16081	0.00008669
-16076	0.00008916
-16071	0.00009158
-16066	0.00008663
-16061	0.00009035
-16056	0.00009014
-16051	0.0000949
-16046	0.00009048
-16041	0.00008667
-16036	0.00009031
-16031	0.00008692
-16026	0.0000895
-16021	0.00008925
-16016	0.00009197
-16011	0.00009034
-16006	0.00008797
-16001	0.00009332
-15996	0.00008676
-15991	0.00008675
-15986	0.00009246
-15981	0.0000851
-15976	0.00009091
-15971	0.00008784
-15966	0.00008916
-15961	0.000087
-15956	0.00008363
-15951	0.00008649
-15946	0.00008482
-15941	0.00008454
-15936	0.00009119
-15931	0.00009092
-15926	0.00008796
-15921	0.00008729
-15916	0.00008811
-15911	0.00008275
-15906	0.00008506
-15901	0.00008625
-15896	0.00008942
-15891	0.00009146
-15886	0.00008944
-15881	0.00008394
-15876	0.00008792
-15871	0.00008776
-15866	0.00009007
-15861	0.00007813
-15856	0.00008395
-15851	0.00008174
-15846	0.00008313
-15841	0.00009195
-15836	0.0000908
-15831	0.00008497
-15826	0.00008733
-15821	0.00009019
-15816	0.00008733
-15811	0.00008431
-15806	0.00008728
-15801	0.00008357
-15796	0.00008301
-15791	0.00008835
-15786	0.00008632
-15781	0.000086
-15776	0.00008449
-15771	0.00008752
-15766	0.00008702
-15761	0.00008477
-15756	0.00008187
-15751	0.00008455
-15746	0.00008424
-15741	0.00008256
-15736	0.00008569
-15731	0.00008811
-15726	0.00008356
-15721	0.00008515
-15716	0.00008623
-15711	0.00008365
-15706	0.00008533
-15701	0.00007854
-15696	0.00008612
-15691	0.00008656
-15686	0.00008424
-15681	0.0000812
-15676	0.0000818
-15671	0.00008144
-15666	0.00008482
-15661	0.00008619
-15656	0.00008393
-15651	0.00008511
-15646	0.00008218
-15641	0.00008257
-15636	0.00008426
-15631	0.00008035
-15626	0.00008574
-15621	0.00007797
-15616	0.00008122
-15611	0.00008325
-15606	0.00008119
-15601	0.00008243
-15596	0.00008531
-15591	0.00008613
-15586	0.00008112
-15581	0.00008593
-15576	0.00008252
-15571	0.00008229
-15566	0.00008386
-15561	0.00008313
-15556	0.00008139
-15551	0.00007961
-15546	0.00008325
-15541	0.00008587
-15536	0.00008161
-15531	0.00008657
-15526	0.00008553
-15521	0.00008543
-15516	0.00008288
-15511	0.00008125
-15506	0.00007847
-15501	0.00007754
-15496	0.0000756
-15491	0.00007907
-15486	0.0000793
-15481	0.00008132
-15476	0.00007863
-15471	0.00008178
-15466	0.00008285
-15461	0.00007759
-15456	0.00007707
-15451	0.00007767
-15446	0.00008246
-15441	0.00007588
-15436	0.00007624
-15431	0.00008365
-15426	0.00008197
-15421	0.00007558
-15416	0.00008137
-15411	0.00007665
-15406	0.00007773
-15401	0.00007822
-15396	0.00007674
-15391	0.00007873
-15386	0.00007657
-15381	0.0000767
-15376	0.00008158
-15371	0.00007944
-15366	0.00007736
-15361	0.00008104
-15356	0.00007886
-15351	0.00007965
-15346	0.00007864
-15341	0.0000767
-15336	0.00008022
-15331	0.00008432
-15326	0.00008141
-15321	0.00008221
-15316	0.00007969
-15311	0.00007646
-15306	0.00007086
-15301	0.00007916
-15296	0.00008053
-15291	0.0000848
-15286	0.00008134
-15281	0.00007997
-15276	0.00007531
-15271	0.00007806
-15266	0.00007768
-15261	0.00007578
-15256	0.00007895
-15251	0.00008269
-15246	0.00007357
-15241	0.0000734
-15236	0.00007246
-15231	0.00007363
-15226	0.00007715
-15221	0.00007757
-15216	0.00007717
-15211	0.000076
-15206	0.00007313
-15201	0.00007188
-15196	0.0000761
-15191	0.00007888
-15186	0.00007839
-15181	0.00007977
-15176	0.00007458
-15171	0.00007418
-15166	0.00007931
-15161	0.00007773
-15156	0.00007702
-15151	0.00007863
-15146	0.00007503
-15141	0.0000744
-15136	0.00007477
-15131	0.00007491
-15126	0.00007345
-15121	0.00007814
-15116	0.00007584
-15111	0.00007578
-15106	0.00007189
-15101	0.00007254
-15096	0.0000724
-15091	0.00007501
-15086	0.00007646
-15081	0.00007216
-15076	0.00007621
-15071	0.00007403
-15066	0.00007479
-15061	0.0000743
-15056	0.00007325
-15051	0.00007263
-15046	0.00007185
-15041	0.00007256
-15036	0.00007291
-15031	0.00007525
-15026	0.00007626
-15021	0.00006883
-15016	0.00006701
-15011	0.00007695
-15006	0.00007409
-15001	0.00007084
-14996	0.00007076
-14991	0.0000709
-14986	0.00007417
-14981	0.00007111
-14976	0.00007326
-14971	0.00007047
-14966	0.00007189
-14961	0.00007199
-14956	0.00007093
-14951	0.00007433
-14946	0.00006758
-14941	0.00006682
-14936	0.00006839
-14931	0.00006969
-14926	0.00006963
-14921	0.00006905
-14916	0.00007152
-14911	0.00007389
-14906	0.00006846
-14901	0.00006969
-14896	0.00007082
-14891	0.00007344
-14886	0.00006733
-14881	0.0000699
-14876	0.00007171
-14871	0.00007139
-14866	0.00007426
-14861	0.0000707
-14856	0.00006791
-14851	0.00006467
-14846	0.00006686
-14841	0.00006453
-14836	0.00007391
-14831	0.00006847
-14826	0.00007443
-14821	0.00007229
-14816	0.00007329
-14811	0.00006679
-14806	0.00007095
-14801	0.00007113
-14796	0.00006939
-14791	0.00006967
-14786	0.00007196
-14781	0.00006567
-14776	0.00006826
-14771	0.00007193
-14766	0.00007274
-14761	0.00006766
-14756	0.00006453
-14751	0.00006587
-14746	0.00006549
-14741	0.00007137
-14736	0.00006832
-14731	0.00006891
-14726	0.00006669
-14721	0.00006737
-14716	0.00006849
-14711	0.00006606
-14706	0.00006774
-14701	0.00006996
-14696	0.00006743
-14691	0.00006419
-14686	0.00006732
-14681	0.00006649
-14676	0.00006693
-14671	0.00006618
-14666	0.00006386
-14661	0.00006784
-14656	0.00006611
-14651	0.0000652
-14646	0.00006517
-14641	0.00006647
-14636	0.00006622
-14631	0.00006454
-14626	0.00006868
-14621	0.00006741
-14616	0.0000679
-14611	0.00006644
-14606	0.00006429
-14601	0.00006779
-14596	0.00006814
-14591	0.00006303
-14586	0.00006466
-14581	0.00006652
-14576	0.00006336
-14571	0.000064
-14566	0.00006378
-14561	0.00006072
-14556	0.00006403
-14551	0.0000618
-14546	0.00006258
-14541	0.00006474
-14536	0.00006211
-14531	0.00006418
-14526	0.00006152
-14521	0.00006628
-14516	0.00006349
-14511	0.00006521
-14506	0.00006587
-14501	0.00006174
-14496	0.00006408
-14491	0.00006783
-14486	0.00006363
-14481	0.00006414
-14476	0.00006708
-14471	0.00006076
-14466	0.00006233
-14461	0.00006455
-14456	0.00006229
-14451	0.00006
-14446	0.0000649
-14441	0.00006513
-14436	0.00006227
-14431	0.0000612
-14426	0.0000623
-14421	0.00006082
-14416	0.0000594
-14411	0.00006141
-14406	0.00006078
-14401	0.00006419
-14396	0.00006358
-14391	0.00006309
-14386	0.00006672
-14381	0.00006154
-14376	0.00005921
-14371	0.00006403
-14366	0.0000628
-14361	0.00006165
-14356	0.00006044
-14351	0.00006086
-14346	0.00005899
-14341	0.00005677
-14336	0.00006116
-14331	0.00005797
-14326	0.00005736
-14321	0.00005993
-14316	0.00005867
-14311	0.00006167
-14306	0.00006199
-14301	0.0000573
-14296	0.00006032
-14291	0.00006012
-14286	0.00005515
-14281	0.00006071
-14276	0.00006142
-14271	0.00005823
-14266	0.00005479
-14261	0.00005585
-14256	0.00005788
-14251	0.00005582
-14246	0.00005404
-14241	0.0000584
-14236	0.00006112
-14231	0.00005701
-14226	0.00005852
-14221	0.00005956
-14216	0.00005811
-14211	0.00005445
-14206	0.000057
-14201	0.00005812
-14196	0.00005587
-14191	0.00005671
-14186	0.00005718
-14181	0.0000588
-14176	0.00005988
-14171	0.00005791
-14166	0.00005717
-14161	0.00005811
-14156	0.00005708
-14151	0.00005997
-14146	0.00005761
-14141	0.00005524
-14136	0.00005772
-14131	0.00005688
-14126	0.00005456
-14121	0.0000528
-14116	0.00005484
-14111	0.00005533
-14106	0.00005389
-14101	0.00005222
-14096	0.00005293
-14091	0.00005595
-14086	0.00005507
-14081	0.00005641
-14076	0.00005825
-14071	0.00005505
-14066	0.00005415
-14061	0.00005469
-14056	0.00005306
-14051	0.00005565
-14046	0.00005269
-14041	0.00005364
-14036	0.00005362
-14031	0.00005333
-14026	0.00005208
-14021	0.00005158
-14016	0.00005349
-14011	0.00005227
-14006	0.00005233
-14001	0.00005051
-13996	0.00005265
-13991	0.00005464
-13986	0.00005143
-13981	0.0000538
-13976	0.0000514
-13971	0.00005065
-13966	0.00004991
-13961	0.00005135
-13956	0.00005082
-13951	0.00004824
-13946	0.00005249
-13941	0.0000529
-13936	0.0000541
-13931	0.00005004
-13926	0.00005089
-13921	0.00005191
-13916	0.00005132
-13911	0.00005251
-13906	0.00005207
-13901	0.00005274
-13896	0.0000535
-13891	0.00004845
-13886	0.00004605
-13881	0.0000524
-13876	0.00004837
-13871	0.00005143
-13866	0.00005272
-13861	0.00004927
-13856	0.00004954
-13851	0.00005084
-13846	0.00005049
-13841	0.00004813
-13836	0.00004844
-13831	0.0000512
-13826	0.00004745
-13821	0.00004982
-13816	0.00004859
-13811	0.00004748
-13806	0.00005186
-13801	0.00004723
-13796	0.00004707
-13791	0.00004789
-13786	0.00004659
-13781	0.00004772
-13776	0.0000489
-13771	0.00004626
-13766	0.00004695
-13761	0.00005003
-13756	0.00004914
-13751	0.00004666
-13746	0.00004593
-13741	0.00004671
-13736	0.00004414
-13731	0.00004594
-13726	0.00004683
-13721	0.00004783
-13716	0.00004571
-13711	0.00004824
-13706	0.00004636
-13701	0.00004609
-13696	0.00004624
-13691	0.00004964
-13686	0.00004533
-13681	0.00004472
-13676	0.00004546
-13671	0.00004466
-13666	0.00004499
-13661	0.00004794
-13656	0.00004458
-13651	0.00004499
-13646	0.00004433
-13641	0.00004574
-13636	0.00004348
-13631	0.00004614
-13626	0.00004497
-13621	0.00004366
-13616	0.000046
-13611	0.00004175
-13606	0.00004255
-13601	0.00004443
-13596	0.00004313
-13591	0.00004415
-13586	0.00004665
-13581	0.00004371
-13576	0.00004395
-13571	0.00004324
-13566	0.00004204
-13561	0.00004183
-13556	0.00004532
-13551	0.00004351
-13546	0.0000416
-13541	0.00004038
-13536	0.00004311
-13531	0.00004387
-13526	0.00004275
-13521	0.00004428
-13516	0.00004378
-13511	0.00004245
-13506	0.00004107
-13501	0.00003778
-13496	0.00003764
-13491	0.00003982
-13486	0.00004008
-13481	0.00004095
-13476	0.00004361
-13471	0.00004036
-13466	0.00004006
-13461	0.00004087
-13456	0.00004025
-13451	0.00003829
-13446	0.00004055
-13441	0.00003871
-13436	0.00003965
-13431	0.00003794
-13426	0.00003645
-13421	0.00003941
-13416	0.00003954
-13411	0.0000392
-13406	0.00003778
-13401	0.00003814
-13396	0.00004032
-13391	0.00003725
-13386	0.00003641
-13381	0.00003702
-13376	0.00003682
-13371	0.00003794
-13366	0.00003736
-13361	0.00003956
-13356	0.00003989
-13351	0.00003536
-13346	0.0000392
-13341	0.00003698
-13336	0.00003657
-13331	0.00003761
-13326	0.00003777
-13321	0.00004014
-13316	0.00003971
-13311	0.00003886
-13306	0.00003746
-13301	0.00003598
-13296	0.00003473
-13291	0.00003741
-13286	0.00003774
-13281	0.00003426
-13276	0.00003517
-13271	0.00003369
-13266	0.00003847
-13261	0.00003714
-13256	0.00003709
-13251	0.00003934
-13246	0.00003617
-13241	0.00003669
-13236	0.00003538
-13231	0.00003408
-13226	0.00003172
-13221	0.00003506
-13216	0.0000329
-13211	0.00003453
-13206	0.00003347
-13201	0.00003169
-13196	0.00003334
-13191	0.00003386
-13186	0.00003412
-13181	0.00003315
-13176	0.00003336
-13171	0.00003419
-13166	0.00003418
-13161	0.00003164
-13156	0.00003399
-13151	0.00003319
-13146	0.000030951
-13141	0.00003392
-13136	0.00003417
-13131	0.00003165
-13126	0.00003509
-13121	0.00003459
-13116	0.00003511
-13111	0.000030879
-13106	0.00003285
-13101	0.00003184
-13096	0.00003307
-13091	0.00003191
-13086	0.00003165
-13081	0.00003288
-13076	0.00003272
-13071	0.00003183
-13066	0.000030818
-13061	0.000031107
-13056	0.000030462
-13051	0.000028853
-13046	0.000030251
-13041	0.000028963
-13036	0.000028248
-13031	0.00002837
-13026	0.00002863
-13021	0.000030615
-13016	0.000030467
-13011	0.000029991
-13006	0.000029299
-13001	0.000029129
-12996	0.000031438
-12991	0.000029727
-12986	0.000027282
-12981	0.000030888
-12976	0.000030524
-12971	0.000027925
-12966	0.000030855
-12961	0.000028882
-12956	0.000030451
-12951	0.000027988
-12946	0.000027692
-12941	0.000027875
-12936	0.000028163
-12931	0.000026762
-12926	0.000028674
-12921	0.000027023
-12916	0.000027299
-12911	0.000027125
-12906	0.000028101
-12901	0.000028032
-12896	0.000025929
-12891	0.000025953
-12886	0.000026662
-12881	0.00002708
-12876	0.000027791
-12871	0.000026895
-12866	0.000026581
-12861	0.000027626
-12856	0.000026436
-12851	0.00002548
-12846	0.000025041
-12841	0.00002684
-12836	0.00002691
-12831	0.000025402
-12826	0.000026081
-12821	0.000026508
-12816	0.000027381
-12811	0.000026628
-12806	0.000025055
-12801	0.000023594
-12796	0.000024689
-12791	0.000024522
-12786	0.000026537
-12781	0.000024962
-12776	0.000026714
-12771	0.000025276
-12766	0.000028063
-12761	0.000024597
-12756	0.000023052
-12751	0.000026386
-12746	0.000024207
-12741	0.000024823
-12736	0.000023292
-12731	0.000023463
-12726	0.000024568
-12721	0.000022204
-12716	0.000022241
-12711	0.000020495
-12706	0.000023082
-12701	0.000021076
-12696	0.000024664
-12691	0.000022244
-12686	0.000021897
-12681	0.000020381
-12676	0.000023169
-12671	0.000022794
-12666	0.000022546
-12661	0.000022771
-12656	0.000022443
-12651	0.000022756
-12646	0.000021474
-12641	0.000023431
-12636	0.000021893
-12631	0.000021699
-12626	0.000020724
-12621	0.000020578
-12616	0.000021306
-12611	0.000021614
-12606	0.000022042
-12601	0.000021031
-12596	0.000019753
-12591	0.000020226
-12586	0.000021598
-12581	0.000021414
-12576	0.000021659
-12571	0.000019761
-12566	0.000018679
-12561	0.000019518
-12556	0.000018898
-12551	0.000019468
-12546	0.000019631
-12541	0.000018901
-12536	0.000020392
-12531	0.000020507
-12526	0.000021275
-12521	0.000019455
-12516	0.00002011
-12511	0.000018955
-12506	0.000019276
-12501	0.000018708
-12496	0.000020835
-12491	0.000018328
-12486	0.000018717
-12481	0.000018003
-12476	0.000017918
-12471	0.000019337
-12466	0.000017717
-12461	0.00001906
-12456	0.000018428
-12451	0.000017479
-12446	0.000017477
-12441	0.000018364
-12436	0.00001919
-12431	0.000018213
-12426	0.000017227
-12421	0.000017023
-12416	0.000018233
-12411	0.000019629
-12406	0.000018551
-12401	0.000015883
-12396	0.00001708
-12391	0.000017235
-12386	0.000016802
-12381	0.000016907
-12376	0.000017354
-12371	0.000016651
-12366	0.000017474
-12361	0.000016102
-12356	0.000016008
-12351	0.000017523
-12346	0.000017948
-12341	0.00001595
-12336	0.000015017
-12331	0.000016711
-12326	0.000017649
-12321	0.00001698
-12316	0.000017709
-12311	0.0000169
-12306	0.000016059
-12301	0.000015167
-12296	0.000015913
-12291	0.000017646
-12286	0.000014853
-12281	0.000014801
-12276	0.000015653
-12271	0.000014983
-12266	0.000014294
-12261	0.000014522
-12256	0.000016155
-12251	0.000015034
-12246	0.000014768
-12241	0.000014287
-12236	0.00001509
-12231	0.000014826
-12226	0.000016061
-12221	0.000014349
-12216	0.000016114
-12211	0.000012374
-12206	0.000013086
-12201	0.000015005
-12196	0.000014747
-12191	0.000014086
-12186	0.000014854
-12181	0.000013425
-12176	0.00001294
-12171	0.000012524
-12166	0.000013648
-12161	0.000013242
-12156	0.000014141
-12151	0.000014102
-12146	0.000014556
-12141	0.000012846
-12136	0.00001324
-12131	0.000012053
-12126	0.000012667
-12121	0.000012028
-12116	0.000012985
-12111	0.000013139
-12106	0.000013335
-12101	0.000012336
-12096	0.000012152
-12091	0.000011999
-12086	0.000013647
-12081	0.000012395
-12076	0.000013112
-12071	0.000012654
-12066	0.00001219
-12061	0.000013434
-12056	0.0000129
-12051	0.000011845
-12046	0.000011925
-12041	0.000011663
-12036	0.000010869
-12031	0.000011483
-12026	0.000012474
-12021	0.000012399
-12016	0.000012335
-12011	0.000010515
-12006	0.000011087
-12001	0.000011652
-11996	0.000011645
-11991	0.000010603
-11986	0.000011261
-11981	0.000010869
-11976	0.000011324
-11971	0.000012094
-11966	0.000010769
-11961	0.000011355
-11956	0.000010584
-11951	0.000011887
-11946	0.000010347
-11941	0.000010365
-11936	0.000010326
-11931	0.000010415
-11926	0.000009463
-11921	0.000010285
-11916	0.000009924
-11911	0.000010047
-11906	0.000009826
-11901	0.000009761
-11896	0.000010672
-11891	0.000009321
-11886	0.00000828
-11881	0.000009074
-11876	0.000009571
-11871	0.000008944
-11866	0.000009468
-11861	0.000010707
-11856	0.000009466
-11851	0.000009414
-11846	0.000010548
-11841	0.000010565
-11836	0.000008736
-11831	0.000009315
-11826	0.00000796
-11821	0.000009112
-11816	0.000009112
-11811	0.000007997
-11806	0.000008937
-11801	0.000009063
-11796	0.000008044
-11791	0.000008167
-11786	0.000008487
-11781	0.000008615
-11776	0.000008192
-11771	0.000008575
-11766	0.000008791
-11761	0.000008095
-11756	0.000007708
-11751	0.000007691
-11746	0.000008003
-11741	0.000007879
-11736	0.000007998
-11731	0.000007401
-11726	0.00000768
-11721	0.000007601
-11716	0.000007325
-11711	0.000007503
-11706	0.000007491
-11701	0.00000875
-11696	0.000008005
-11691	0.000007239
-11686	0.00000835
-11681	0.000007487
-11676	0.000006955
-11671	0.000007756
-11666	0.000008376
-11661	0.000007549
-11656	0.000007147
-11651	0.000006353
-11646	0.00000649
-11641	0.000006994
-11636	0.000007084
-11631	0.000006676
-11626	0.000006599
-11621	0.000005702
-11616	0.000006629
-11611	0.000006267
-11606	0.000006551
-11601	0.000006053
-11596	0.000006618
-11591	0.000006016
-11586	0.000005304
-11581	0.000006686
-11576	0.00000598
-11571	0.000006344
-11566	0.000005944
-11561	0.000005522
-11556	0.000005885
-11551	0.000005814
-11546	0.000005563
-11541	0.000005609
-11536	0.000006093
-11531	0.000005684
-11526	0.000005832
-11521	0.00000601
-11516	0.000005641
-11511	0.000005462
-11506	0.000005594
-11501	0.000005581
-11496	0.000005282
-11491	0.000006238
-11486	0.000004566
-11481	0.000004792
-11476	0.000005606
-11471	0.000005778
-11466	0.000005419
-11461	0.000005332
-11456	0.000005038
-11451	0.000004617
-11446	0.000005665
-11441	0.000005257
-11436	0.000004691
-11431	0.000005274
-11426	0.000005406
-11421	0.00000481
-11416	0.0000052
-11411	0.000005124
-11406	0.000004084
-11401	0.000004472
-11396	0.000004543
-11391	0.000004761
-11386	0.000004539
-11381	0.000004218
-11376	0.000004656
-11371	0.000004271
-11366	0.00000472
-11361	0.00000423
-11356	0.000004301
-11351	0.000004044
-11346	0.000004791
-11341	0.000003975
-11336	0.000004344
-11331	0.000004715
-11326	0.00000482
-11321	0.000004057
-11316	0.0000038
-11311	0.000003999
-11306	0.000003897
-11301	0.000003677
-11296	0.000004297
-11291	0.00000423
-11286	0.000003953
-11281	0.000003554
-11276	0.000003941
-11271	0.0000030888
-11266	0.000003947
-11261	0.000004206
-11256	0.000004066
-11251	0.000004255
-11246	0.00000372
-11241	0.000003584
-11236	0.00000344
-11231	0.000003211
-11226	0.000003611
-11221	0.000003199
-11216	0.000003329
-11211	0.000003513
-11206	0.000003452
-11201	0.0000031313
-11196	0.000003274
-11191	0.000003847
-11186	0.000003275
-11181	0.0000032
-11176	0.00000324
-11171	0.000003838
-11166	0.000003251
-11161	0.000003463
-11156	0.0000030527
-11151	0.000003201
-11146	0.0000029941
-11141	0.00000326
-11136	0.000003183
-11131	0.000003028
-11126	0.0000028667
-11121	0.0000028827
-11116	0.000003062
-11111	0.000003288
-11106	0.0000029887
-11101	0.00000321
-11096	0.0000029956
-11091	0.0000028217
-11086	0.000003284
-11081	0.000003299
-11076	0.0000026262
-11071	0.0000025148
-11066	0.0000027379
-11061	0.0000027255
-11056	0.0000025693
-11051	0.0000029517
-11046	0.0000025282
-11041	0.0000021236
-11036	0.0000024936
-11031	0.0000026383
-11026	0.0000022744
-11021	0.0000027528
-11016	0.0000026847
-11011	0.0000020831
-11006	0.0000026754
-11001	0.0000022794
-10996	0.0000027997
-10991	0.0000023529
-10986	0.0000025715
-10981	0.0000026602
-10976	0.000001986
-10971	0.0000025522
-10966	0.0000024036
-10961	0.0000022924
-10956	0.0000022113
-10951	0.0000021717
-10946	0.0000019003
-10941	0.0000020118
-10936	0.0000021921
-10931	0.000002233
-10926	0.000002163
-10921	0.0000020061
-10916	0.000002297
-10911	0.0000021654
-10906	0.0000018368
-10901	0.0000018772
-10896	0.0000019774
-10891	0.000002204
-10886	0.0000020608
-10881	0.0000019418
-10876	0.0000018984
-10871	0.0000019592
-10866	0.0000020175
-10861	0.0000019381
-10856	0.000001994
-10851	0.0000017438
-10846	0.0000018992
-10841	0.0000018377
-10836	0.0000015652
-10831	0.0000017224
-10826	0.0000017087
-10821	0.0000016572
-10816	0.0000019588
-10811	0.0000017969
-10806	0.0000016312
-10801	0.0000016074
-10796	0.0000016567
-10791	0.0000015876
-10786	0.000001742
-10781	0.0000017674
-10776	0.0000015464
-10771	0.0000015467
-10766	0.0000014729
-10761	0.0000016319
-10756	0.0000014899
-10751	0.0000014898
-10746	0.0000015873
-10741	0.0000014356
-10736	0.0000015101
-10731	0.0000014699
-10726	0.0000013538
-10721	0.0000013753
-10716	0.0000014618
-10711	0.0000012706
-10706	0.0000013922
-10701	0.0000013704
-10696	0.000001356
-10691	0.0000015091
-10686	0.0000014603
-10681	0.0000010966
-10676	0.0000012525
-10671	0.0000011668
-10666	0.0000012293
-10661	0.0000012934
-10656	0.0000010437
-10651	0.000001141
-10646	0.0000012336
-10641	0.0000011874
-10636	0.0000011888
-10631	9.282e-7
-10626	0.0000010414
-10621	0.0000010147
-10616	0.0000010942
-10611	0.0000010835
-10606	0.0000013181
-10601	0.0000011545
-10596	0.000001046
-10591	0.0000011623
-10586	0.0000010673
-10581	0.0000011668
-10576	0.0000010291
-10571	0.0000010318
-10566	9.638e-7
-10561	0.0000010769
-10556	9.054e-7
-10551	0.000001022
-10546	8.981e-7
-10541	0.0000011506
-10536	8.921e-7
-10531	7.595e-7
-10526	0.000001051
-10521	0.0000010094
-10516	0.0000011108
-10511	6.632e-7
-10506	7.657e-7
-10501	9.23e-7
-10496	7.697e-7
-10491	7.82e-7
-10486	7.434e-7
-10481	6.184e-7
-10476	7.604e-7
-10471	9.075e-7
-10466	7.329e-7
-10461	7.188e-7
-10456	8.261e-7
-10451	7.233e-7
-10446	9.064e-7
-10441	8.202e-7
-10436	6.368e-7
-10431	5.053e-7
-10426	6.41e-7
-10421	7.319e-7
-10416	6.891e-7
-10411	8.516e-7
-10406	7.272e-7
-10401	5.103e-7
-10396	5.601e-7
-10391	5.901e-7
-10386	4.853e-7
-10381	6.759e-7
-10376	5.694e-7
-10371	7.28e-7
-10366	6.72e-7
-10361	6.069e-7
-10356	5.455e-7
-10351	6.76e-7
-10346	5.596e-7
-10341	4.87e-7
-10336	5.076e-7
-10331	4.848e-7
-10326	5.447e-7
-10321	5.463e-7
-10316	4.683e-7
-10311	4.74e-7
-10306	5.408e-7
-10301	5.314e-7
-10296	4.712e-7
-10291	3.558e-7
-10286	4.764e-7
-10281	5.009e-7
-10276	4.397e-7
-10271	5.339e-7
-10266	4.687e-7
-10261	4.968e-7
-10256	4.65e-7
-10251	3.771e-7
-10246	4.234e-7
-10241	6.038e-7
-10236	3.902e-7
-10231	4.602e-7
-10226	3.454e-7
-10221	4.556e-7
-10216	3.948e-7
-10211	4.582e-7
-10206	4.079e-7
-10201	3.593e-7
-10196	4.629e-7
-10191	4.094e-7
-10186	4.025e-7
-10181	4.215e-7
-10176	4.556e-7
-10171	4.822e-7
-10166	3.28e-7
-10161	3.683e-7
-10156	3.794e-7
-10151	3.863e-7
-10146	2.2917e-7
-10141	3.201e-7
-10136	3.49e-7
-10131	4.123e-7
-10126	3.791e-7
-10121	2.9058e-7
-10116	3.1245e-7
-10111	2.783e-7
-10106	3.209e-7
-10101	2.7749e-7
-10096	2.4105e-7
-10091	2.6912e-7
-10086	2.505e-7
-10081	3.408e-7
-10076	3.465e-7
-10071	2.9747e-7
-10066	2.2634e-7
-10061	2.7101e-7
-10056	2.5657e-7
-10051	2.5509e-7
-10046	2.312e-7
-10041	2.0704e-7
-10036	2.146e-7
-10031	2.6224e-7
-10026	1.8571e-7
-10021	2.2148e-7
-10016	2.7843e-7
-10011	3.2e-7
-10006	2.7816e-7
-10001	2.0798e-7
-9996	2.1487e-7
-9991	2.1514e-7
-9986	2.1878e-7
-9981	2.285e-7
-9976	2.9058e-7
-9971	2.3741e-7
-9966	1.8328e-7
-9961	2.5158e-7
-9956	1.872e-7
-9951	2.0582e-7
-9946	2.6345e-7
-9941	2.289e-7
-9936	1.8463e-7
-9931	2.042e-7
-9926	1.629e-7
-9921	2.0798e-7
-9916	1.984e-7
-9911	1.5805e-7
-9906	1.8895e-7
-9901	1.764e-7
-9896	1.6277e-7
-9891	1.7869e-7
-9886	1.7735e-7
-9881	2.0474e-7
-9876	1.5467e-7
-9871	1.5022e-7
-9866	1.5278e-7
-9861	1.7869e-7
-9856	1.5197e-7
-9851	1.1607e-7
-9846	1.3267e-7
-9841	1.4293e-7
-9836	1.3564e-7
-9831	1.1378e-7
-9826	1.2754e-7
-9821	1.6952e-7
-9816	1.4063e-7
-9811	2.2823e-7
-9806	1.1688e-7
-9801	1.3443e-7
-9796	1.4941e-7
-9791	1.2052e-7
-9786	1.6965e-7
-9781	1.1175e-7
-9776	1.046e-7
-9771	1.4941e-7
-9766	1.2174e-7
-9761	1.3362e-7
-9756	1.4914e-7
-9751	1.2565e-7
-9746	9.448e-8
-9741	9.907e-8
-9736	9.056e-8
-9731	8.354e-8
-9726	1.0541e-7
-9721	8.773e-8
-9716	1.019e-7
-9711	9.502e-8
-9706	8.624e-8
-9701	8.908e-8
-9696	8.408e-8
-9691	1.1944e-7
-9686	9.124e-8
-9681	6.802e-8
-9676	9.853e-8
-9671	1.0109e-7
-9666	7.369e-8
-9661	7.288e-8
-9656	9.637e-8
-9651	5.898e-8
-9646	5.088e-8
-9641	8.651e-8
-9636	9.299e-8
-9631	9.178e-8
-9626	9.92e-8
-9621	6.114e-8
-9616	5.642e-8
-9611	6.235e-8
-9606	5.871e-8
-9601	7.437e-8
-9596	5.709e-8
-9591	4.089e-8
-9586	8.989e-8
-9581	6.829e-8
-9576	3.928e-8
-9571	6.262e-8
-9566	4.44e-8
-9561	4.008e-8
-9556	6.897e-8
-9551	7.815e-8
-9546	4.305e-8
-9541	3.307e-8
-9536	6.033e-8
-9531	3.968e-8
-9526	7.761e-8
-9521	7.369e-8
-9516	5.79e-8
-9511	3.901e-8
-9506	5.237e-8
-9501	4.508e-8
-9496	4.076e-8
-9491	2.3619e-8
-9486	6.073e-8
-9481	5.79e-8
-9476	2.038e-8
-9471	3.901e-8
-9466	3.698e-8
-9461	4.535e-8
-9456	6.384e-8
-9451	4.359e-8
-9446	3.509e-8
-9441	4.346e-8
-9436	2.6183e-8
-9431	4.224e-8
-9426	3.334e-8
-9421	3.212e-8
-9416	3.334e-8
-9411	3.482e-8
-9406	3.415e-8
-9401	2.5779e-8
-9396	3.604e-8
-9391	4.629e-8
-9386	4.143e-8
-9381	4.305e-8
-9376	2.5644e-8
-9371	3.226e-8
-9366	3.442e-8
-9361	3.172e-8
-9356	3.307e-8
-9351	1.903e-8
-9346	2.7263e-8
-9341	2.7533e-8
-9336	3.55e-8
-9331	1.6331e-8
-9326	2.3214e-8
-9321	1.4846e-8
-9316	2.6858e-8
-9311	2.1595e-8
-9306	1.8625e-8
-9301	2.9018e-8
-9296	2.6588e-8
-9291	2.4969e-8
-9286	2.4159e-8
-9281	1.0932e-8
-9276	2.1055e-8
-9271	1.984e-8
-9266	1.5251e-8
-9261	2.4294e-8
-9256	1.8355e-8
-9251	2.6048e-8
-9246	2.1055e-8
-9241	1.1472e-8
-9236	1.1607e-8
-9231	1.7006e-8
-9226	1.5251e-8
-9221	2.3619e-8
-9216	1.0122e-8
-9211	1.4711e-8
-9206	1.1472e-8
-9201	2.8073e-8
-9196	1.795e-8
-9191	2.119e-8
-9186	1.5116e-8
-9181	1.2282e-8
-9176	9.718e-9
-9171	1.6601e-8
-9166	1.6331e-8
-9161	1.984e-8
-9156	1.6466e-8
-9151	1.8085e-8
-9146	1.5251e-8
-9141	1.3767e-8
-9136	1.2822e-8
-9131	7.153e-9
-9126	1.6061e-8
-9121	4.319e-9
-9116	5.399e-9
-9111	6.208e-9
-9106	8.908e-9
-9101	1.7681e-8
-9096	7.288e-9
-9091	8.368e-9
-9086	5.129e-9
-9081	1.1877e-8
-9076	6.343e-9
-9071	1.3227e-8
-9066	9.583e-9
-9061	5.804e-9
-9056	3.914e-9
-9051	7.018e-9
-9046	3.644e-9
-9041	6.073e-9
-9036	8.773e-9
-9031	6.478e-9
-9026	3.1042e-9
-9021	8.638e-9
-9016	7.153e-9
-9011	7.693e-9
-9006	8.503e-9
-9001	6.073e-9
-8996	4.049e-9
-8991	5.399e-9
-8986	4.724e-9
-8981	6.748e-9
-8976	7.963e-9
-8971	4.994e-9
-8966	6.343e-9
-8961	7.018e-9
-8956	4.589e-9
-8951	7.963e-9
-8946	7.693e-9
-8941	5.669e-9
-8936	4.184e-9
-8931	4.454e-9
-8926	8.908e-9
-8921	4.049e-9
-8916	4.589e-9
-8911	2.1595e-9
-8906	4.184e-9
-8901	9.313e-9
-8896	2.2944e-9
-8891	5.534e-9
-8886	3.779e-9
-8881	3.779e-9
-8876	1.6196e-9
-8871	4.049e-10
-8866	3.509e-9
-8861	2.6993e-9
-8856	2.4294e-9
-8851	3.509e-9
-8846	1.6196e-9
-8841	2.0245e-9
-8836	2.8343e-9
-8831	3.239e-9
-8826	2.9693e-9
-8821	3.1042e-9
-8816	6.073e-9
-8811	4.994e-9
-8806	2.0245e-9
-8801	8.098e-10
-8796	1.6196e-9
-8791	2.0245e-9
-8786	3.1042e-9
-8781	2.5644e-9
-8776	2.4294e-9
-8771	2.8343e-9
-8766	2.4294e-9
-8761	2.1595e-9
-8756	1.6196e-9
-8751	2.1595e-9
-8746	3.1042e-9
-8741	4.859e-9
-8736	2.6993e-9
-8731	1.2147e-9
-8726	3.1042e-9
-8721	1.7546e-9
-8716	1.6196e-9
-8711	9.448e-10
-8706	1.4846e-9
-8701	2.4294e-9
-8696	2.5644e-9
-8691	6.748e-10
-8686	1.7546e-9
-8681	1.3497e-9
-8676	1.3497e-9
-8671	5.399e-10
-8666	2.1595e-9
-8661	4.049e-10
-8656	6.748e-10
-8651	6.748e-10
-8646	1.8895e-9
-8641	2.5644e-9
-8636	1.3497e-9
-8631	2.4294e-9
-8626	1.6196e-9
-8621	2.5644e-9
-8616	2.8343e-9
-8611	1.3497e-9
-8606	1.3497e-9
-8601	6.748e-10
-8596	3.1042e-9
-8591	2.0245e-9
-8586	8.098e-10
-8581	8.098e-10
-8576	4.049e-10
-8571	1.0797e-9
-8566	1.3497e-9
-8561	1.2147e-9
-8556	9.448e-10
-8551	1.0797e-9
-8546	2.0245e-9
-8541	1.0797e-9
-8536	1.2147e-9
-8531	3.374e-9
-8526	1.0797e-9
-8521	8.098e-10
-8516	4.049e-10
-8511	1.0797e-9
-8506	1.0797e-9
-8501	4.049e-10
-8496	0
-8491	0
-8486	6.748e-10
-8481	2.6993e-10
-8476	1.3497e-10
-8471	2.6993e-10
-8466	2.6993e-10
-8461	4.049e-10
-8456	2.6993e-10
-8451	5.399e-10
-8446	2.0245e-9
-8441	1.4846e-9
-8436	9.448e-10
-8431	0
-8426	5.399e-10
-8421	2.6993e-10
-8416	1.3497e-10
-8411	1.3497e-10
-8406	8.098e-10
-8401	2.6993e-10
-8396	4.049e-10
-8391	1.3497e-10
-8386	2.6993e-10
-8381	1.3497e-10
-8376	2.6993e-10
-8371	9.448e-10
-8366	2.6993e-10
-8361	4.049e-10
-8356	0
-8351	4.049e-10
-8346	1.3497e-9
-8341	0
-8336	2.6993e-10
-8331	2.6993e-10
-8326	1.6196e-9
-8321	1.2147e-9
-8316	4.049e-10
-8311	2.6993e-10
-8306	9.448e-10
-8301	4.049e-10
-8296	0
-8291	6.748e-10
-8286	6.748e-10
-8281	2.6993e-10
-8276	2.6993e-10
-8271	4.049e-10
-8266	0
-8261	2.6993e-10
-8256	1.2147e-9
-8251	9.448e-10
-8246	1.2147e-9
-8241	4.049e-10
-8236	2.6993e-10
-8231	2.6993e-10
-8226	2.6993e-10
-8221	6.748e-10
-8216	2.6993e-10
-8211	2.6993e-10
-8206	4.049e-10
-8201	0
-8196	6.748e-10
-8191	2.6993e-10
-8186	2.6993e-10
-8181	4.049e-10
-8176	0
-8171	4.049e-10
-8166	2.6993e-10
-8161	2.6993e-10
-8156	2.6993e-10
-8151	6.748e-10
-8146	2.6993e-10
-8141	4.049e-10
-8136	2.6993e-10
-8131	9.448e-10
-8126	4.049e-10
-8121	4.049e-10
-8116	4.049e-10
-8111	0
-8106	4.049e-10
-8101	4.049e-10
-8096	9.448e-10
-8091	6.748e-10
-8086	2.6993e-10
-8081	0
-8076	0
-8071	0
-8066	1.2147e-9
-8061	4.049e-10
-8056	4.049e-10
-8051	2.6993e-10
-8046	1.2147e-9
-8041	0
-8036	0
-8031	6.748e-10
-8026	2.6993e-10
-8021	0
-8016	0
-8011	6.748e-10
-8006	0
-8001	4.049e-10
-7996	4.049e-10
-7991	2.6993e-10
-7986	0
-7981	0
-7976	4.049e-10
-7971	4.049e-10
-7966	4.049e-10
-7961	0
-7956	2.6993e-10
-7951	2.6993e-10
-7946	6.748e-10
-7941	2.6993e-10
-7936	0
-7931	6.748e-10
-7926	2.6993e-10
-7921	0
-7916	0
-7911	2.6993e-10
-7906	2.6993e-10
-7901	4.049e-10
-7896	0
-7891	0
-7886	2.6993e-10
-7881	0
-7876	2.6993e-10
-7871	0
-7866	2.6993e-10
-7861	6.748e-10
-7856	2.6993e-10
-7851	0
-7846	2.6993e-10
-7841	2.6993e-10
-7836	2.6993e-10
