170.25 -46.55 5.2024549322509e-05
170.35 -46.55 5.20245493224942e-05
170.45 -46.55 5.20245493224942e-05
170.05 -46.45 5.21203206191666e-05
170.15 -46.45 5.21203206191666e-05
170.25 -46.45 5.21203206191814e-05
170.35 -46.45 5.21203206191666e-05
170.45 -46.45 5.21203206191666e-05
170.55 -46.45 5.21203206191666e-05
169.85 -46.35 5.22159331482898e-05
169.95 -46.35 5.22159331482898e-05
170.05 -46.35 5.22159331482898e-05
170.15 -46.35 5.22159331482898e-05
170.25 -46.35 5.22159331483047e-05
170.35 -46.35 5.22159331482898e-05
170.45 -46.35 5.22159331482898e-05
170.55 -46.35 5.22159331482898e-05
170.65 -46.35 5.22159331482898e-05
169.85 -46.25 5.23113866186657e-05
169.95 -46.25 5.23113866186657e-05
170.05 -46.25 5.23113866186657e-05
170.15 -46.25 5.23113866186657e-05
170.25 -46.25 5.23113866186806e-05
170.35 -46.25 5.23113866186657e-05
170.45 -46.25 5.23113866186657e-05
170.55 -46.25 5.23113866186657e-05
170.65 -46.25 5.23113866186657e-05
170.75 -46.25 5.23113866186806e-05
169.95 -46.15 5.24066807394395e-05
170.05 -46.15 5.24066807394395e-05
170.15 -46.15 5.24066807394395e-05
170.25 -46.15 5.24066807394544e-05
170.35 -46.15 5.24066807394395e-05
170.45 -46.15 5.24066807394395e-05
170.55 -46.15 5.24066807394395e-05
170.65 -46.15 5.24066807394395e-05
170.75 -46.15 5.24066807394544e-05
170.85 -46.15 5.24066807394395e-05
169.85 -46.05 5.25018152203811e-05
169.95 -46.05 5.25018152203811e-05
170.05 -46.05 5.25018152203811e-05
170.15 -46.05 5.25018152203811e-05
170.25 -46.05 5.2501815220396e-05
170.35 -46.05 5.25018152203811e-05
170.45 -46.05 5.25018152203811e-05
170.55 -46.05 5.25018152203811e-05
170.65 -46.05 5.25018152203811e-05
170.75 -46.05 5.2501815220396e-05
169.85 -45.95 5.2596789771714e-05
169.95 -45.95 5.2596789771714e-05
170.05 -45.95 5.2596789771714e-05
170.15 -45.95 5.2596789771714e-05
170.25 -45.95 5.25967897717289e-05
170.35 -45.95 5.2596789771714e-05
170.45 -45.95 5.2596789771714e-05
170.55 -45.95 5.2596789771714e-05
170.65 -45.95 5.2596789771714e-05
169.65 -45.85 5.26916041040659e-05
169.75 -45.85 5.26916041040808e-05
169.85 -45.85 5.26916041040659e-05
169.95 -45.85 5.26916041040659e-05
170.05 -45.85 5.26916041040659e-05
170.15 -45.85 5.26916041040659e-05
170.25 -45.85 5.26916041040808e-05
170.35 -45.85 5.26916041040659e-05
170.45 -45.85 5.26916041040659e-05
170.55 -45.85 5.26916041040659e-05
170.65 -45.85 5.26916041040659e-05
169.55 -45.75 5.27862579287263e-05
169.65 -45.75 5.27862579287263e-05
169.75 -45.75 5.27862579287413e-05
169.85 -45.75 5.27862579287263e-05
169.95 -45.75 5.27862579287263e-05
170.05 -45.75 5.27862579287263e-05
170.15 -45.75 5.27862579287263e-05
170.25 -45.75 5.27862579287413e-05
170.35 -45.75 5.27862579287263e-05
170.45 -45.75 5.27862579287263e-05
170.55 -45.75 5.27862579287263e-05
170.65 -45.75 5.27862579287263e-05
169.45 -45.65 5.28807509572052e-05
169.55 -45.65 5.28807509572052e-05
169.65 -45.65 5.28807509572052e-05
169.75 -45.65 5.28807509572203e-05
169.85 -45.65 5.28807509572052e-05
169.95 -45.65 5.28807509572052e-05
170.05 -45.65 5.28807509572052e-05
170.15 -45.65 5.28807509572052e-05
170.25 -45.65 5.28807509572203e-05
170.35 -45.65 5.28807509572052e-05
170.45 -45.65 5.28807509572052e-05
170.55 -45.65 5.28807509572052e-05
170.65 -45.65 5.28807509572052e-05
169.35 -45.55 5.29750829017972e-05
169.45 -45.55 5.29750829017972e-05
169.55 -45.55 5.29750829017972e-05
169.65 -45.55 5.29750829017972e-05
169.75 -45.55 5.29750829018122e-05
169.85 -45.55 5.29750829017972e-05
169.95 -45.55 5.29750829017972e-05
170.05 -45.55 5.29750829017972e-05
170.15 -45.55 5.29750829017972e-05
170.25 -45.55 5.29750829018122e-05
170.35 -45.55 5.29750829017972e-05
170.45 -45.55 5.29750829017972e-05
170.55 -45.55 5.29750829017972e-05
170.65 -45.55 5.29750829017972e-05
169.35 -45.45 5.30692534750657e-05
169.45 -45.45 5.30692534750657e-05
169.55 -45.45 5.30692534750657e-05
169.65 -45.45 5.30692534750657e-05
169.75 -45.45 5.30692534750808e-05
169.85 -45.45 5.30692534750657e-05
169.95 -45.45 5.30692534750657e-05
170.05 -45.45 5.30692534750657e-05
170.15 -45.45 5.30692534750657e-05
170.25 -45.45 5.30692534750808e-05
170.35 -45.45 5.30692534750657e-05
170.45 -45.45 5.30692534750657e-05
170.55 -45.45 5.30692534750657e-05
170.65 -45.45 5.30692534750657e-05
169.35 -45.35 5.31632623902e-05
169.45 -45.35 5.31632623902e-05
169.55 -45.35 5.31632623902e-05
169.65 -45.35 5.31632623902e-05
169.75 -45.35 5.3163262390215e-05
169.85 -45.35 5.31632623902e-05
169.95 -45.35 5.31632623902e-05
170.05 -45.35 5.31632623902e-05
170.15 -45.35 5.31632623902e-05
170.25 -45.35 5.3163262390215e-05
170.35 -45.35 5.31632623902e-05
170.45 -45.35 5.31632623902e-05
170.55 -45.35 5.31632623902e-05
169.35 -45.25 5.32571093608418e-05
169.45 -45.25 5.32571093608418e-05
169.55 -45.25 5.32571093608418e-05
169.65 -45.25 5.32571093608418e-05
169.75 -45.25 5.3257109360857e-05
169.85 -45.25 5.32571093608418e-05
169.95 -45.25 5.32571093608418e-05
170.05 -45.25 5.32571093608418e-05
170.15 -45.25 5.32571093608418e-05
170.25 -45.25 5.3257109360857e-05
170.35 -45.25 5.32571093608418e-05
170.45 -45.25 5.32571093608418e-05
169.05 -45.15 5.33507941010504e-05
169.15 -45.15 5.33507941010504e-05
169.25 -45.15 5.33507941010656e-05
169.35 -45.15 5.33507941010504e-05
169.45 -45.15 5.33507941010504e-05
169.55 -45.15 5.33507941010504e-05
169.65 -45.15 5.33507941010504e-05
169.75 -45.15 5.33507941010656e-05
169.85 -45.15 5.33507941010504e-05
169.95 -45.15 5.33507941010504e-05
170.05 -45.15 5.33507941010504e-05
170.15 -45.15 5.33507941010504e-05
170.25 -45.15 5.33507941010656e-05
170.35 -45.15 5.33507941010504e-05
168.95 -45.05 5.34443163255093e-05
169.05 -45.05 5.34443163255093e-05
169.15 -45.05 5.34443163255093e-05
169.25 -45.05 5.34443163255245e-05
169.35 -45.05 5.34443163255093e-05
169.45 -45.05 5.34443163255093e-05
169.55 -45.05 5.34443163255093e-05
169.65 -45.05 5.34443163255093e-05
169.75 -45.05 5.34443163255245e-05
169.85 -45.05 5.34443163255093e-05
169.95 -45.05 5.34443163255093e-05
170.05 -45.05 5.34443163255093e-05
170.15 -45.05 5.34443163255093e-05
170.25 -45.05 5.34443163255245e-05
168.75 -44.95 5.35376757493342e-05
168.85 -44.95 5.3537675749319e-05
168.95 -44.95 5.3537675749319e-05
169.05 -44.95 5.3537675749319e-05
169.15 -44.95 5.3537675749319e-05
169.25 -44.95 5.35376757493342e-05
169.35 -44.95 5.3537675749319e-05
169.45 -44.95 5.3537675749319e-05
169.55 -44.95 5.3537675749319e-05
169.65 -44.95 5.3537675749319e-05
169.75 -44.95 5.35376757493342e-05
169.85 -44.95 5.3537675749319e-05
169.95 -44.95 5.3537675749319e-05
168.85 -44.85 5.66449093186302e-05
168.95 -44.85 5.36308720880701e-05
169.05 -44.85 5.36308720880701e-05
169.15 -44.85 5.36308720880701e-05
169.25 -44.85 5.36308720880853e-05
169.35 -44.85 5.36308720880701e-05
169.45 -44.85 5.36308720880701e-05
169.55 -44.85 5.36308720880701e-05
169.65 -44.85 5.36308720880701e-05
169.75 -44.85 5.36308720880853e-05
168.95 -44.75 6.748865442442e-05
169.05 -44.75 6.07842381506439e-05
169.15 -44.75 5.44687521026946e-05
169.25 -44.75 5.37239050579075e-05
169.35 -44.75 5.37239050578922e-05
169.45 -44.75 5.37239050578922e-05
169.55 -44.75 5.37239050578922e-05
169.65 -44.75 5.37239050578922e-05
169.05 -44.65 7.77119632175813e-05
169.15 -44.65 6.65070686163809e-05
169.25 -44.65 5.88673677519262e-05
169.35 -44.65 5.4663217215608e-05
169.45 -44.65 5.38167743753807e-05
169.55 -44.65 5.38167743753807e-05
169.15 -44.55 8.08419255111397e-05
169.35 -44.55 6.68311771379032e-05
169.45 -44.55 6.18676866368757e-05
169.55 -44.55 5.78487409699988e-05
