170.25 -46.55 4.07098879216076e-06
170.35 -46.55 3.86298936480398e-06
170.45 -46.55 3.64898995396576e-06
170.05 -46.45 5.32498533978286e-06
170.15 -46.45 5.02098617672296e-06
170.25 -46.45 4.71398702192233e-06
170.35 -46.45 4.39998788639335e-06
170.45 -46.45 4.11398867377778e-06
170.55 -46.45 3.84998940059418e-06
169.85 -46.35 7.20998015020365e-06
169.95 -46.35 6.98098078066181e-06
170.05 -46.35 6.59098185436786e-06
170.15 -46.35 6.08998323366716e-06
170.25 -46.35 5.58798461571955e-06
170.35 -46.35 5.12998587663588e-06
170.45 -46.35 4.71098703018161e-06
170.55 -46.35 4.32898808186291e-06
170.65 -46.35 4.00298897937104e-06
169.85 -46.25 9.16697476240178e-06
169.95 -46.25 9.28097444854925e-06
170.05 -46.25 8.68997607562686e-06
170.15 -46.25 7.75297865527446e-06
170.25 -46.25 6.84598115232929e-06
170.35 -46.25 6.07098328597591e-06
170.45 -46.25 5.43498503694269e-06
170.55 -46.25 4.91298647405694e-06
170.65 -46.25 4.4729876854176e-06
170.75 -46.25 4.10798869029634e-06
169.95 -46.15 1.15999680641279e-05
170.05 -46.15 1.12399690552412e-05
170.15 -46.15 1.00599723038903e-05
170.25 -46.15 8.54597647207217e-06
170.35 -46.15 7.29797990793152e-06
170.45 -46.15 6.31398261697446e-06
170.55 -46.15 5.58198463223811e-06
170.65 -46.15 5.00098623178481e-06
170.75 -46.15 4.53398751747897e-06
170.85 -46.15 4.15798855264172e-06
169.85 -46.05 1.20899667151126e-05
169.95 -46.05 1.30499640721439e-05
170.05 -46.05 1.31299638518965e-05
170.15 -46.05 1.22099663847415e-05
170.25 -46.05 1.0559970927344e-05
170.35 -46.05 8.76997585537947e-06
170.45 -46.05 7.37197970420268e-06
170.55 -46.05 6.33098257017189e-06
170.65 -46.05 5.58498462397883e-06
170.75 -46.05 4.98998626206882e-06
169.85 -45.95 1.19699670454837e-05
169.95 -45.95 1.31799637142419e-05
170.05 -45.95 1.384996186967e-05
170.15 -45.95 1.34299630259688e-05
170.25 -45.95 1.19399671280765e-05
170.35 -45.95 1.00499723314212e-05
170.45 -45.95 8.35497699791283e-06
170.55 -45.95 7.09998045304381e-06
170.65 -45.95 6.18198298038266e-06
169.65 -45.85 1.01199721387047e-05
169.75 -45.85 1.06199707621585e-05
169.85 -45.85 1.14699684220299e-05
169.95 -45.85 1.23699659442468e-05
170.05 -45.85 1.30099641822676e-05
170.15 -45.85 1.27499648980716e-05
170.25 -45.85 1.15999680641279e-05
170.35 -45.85 1.01799719735192e-05
170.45 -45.85 8.7999757727867e-06
170.55 -45.85 7.67097888102804e-06
170.65 -45.85 6.75898139184833e-06
169.55 -45.75 1.04499712301842e-05
169.65 -45.75 1.03899713953698e-05
169.75 -45.75 1.04599712026533e-05
169.85 -45.75 1.08399701564782e-05
169.95 -45.75 1.13099688625247e-05
170.05 -45.75 1.15599681742516e-05
170.15 -45.75 1.13699686973392e-05
170.25 -45.75 1.07699703491946e-05
170.35 -45.75 9.92697267005154e-06
170.45 -45.75 9.00497520840275e-06
170.55 -45.75 8.11697765314882e-06
170.65 -45.75 7.30597988590678e-06
169.45 -45.65 1.13699686973392e-05
169.55 -45.65 1.09999697159834e-05
169.65 -45.65 1.08399701564782e-05
169.75 -45.65 1.05999708172203e-05
169.85 -45.65 1.06099707896894e-05
169.95 -45.65 1.08899700188235e-05
170.05 -45.65 1.10899694682051e-05
170.15 -45.65 1.09999697159834e-05
170.25 -45.65 1.0559970927344e-05
170.35 -45.65 1.00099724415449e-05
170.45 -45.65 9.38597415947454e-06
170.55 -45.65 8.67897610591088e-06
170.65 -45.65 7.91097822028586e-06
169.35 -45.55 1.27799648154789e-05
169.45 -45.55 1.2139966577458e-05
169.55 -45.55 1.19099672106693e-05
169.65 -45.55 1.17699675961022e-05
169.75 -45.55 1.14299685321536e-05
169.85 -45.55 1.12599690001793e-05
169.95 -45.55 1.1339968779932e-05
170.05 -45.55 1.14499684770918e-05
170.15 -45.55 1.14399685046227e-05
170.25 -45.55 1.11599692754886e-05
170.35 -45.55 1.06299707346276e-05
170.45 -45.55 1.00199724140139e-05
170.55 -45.55 9.36197422554876e-06
170.65 -45.55 8.64797619125675e-06
169.35 -45.45 1.45199600250981e-05
169.45 -45.45 1.39199616769535e-05
169.55 -45.45 1.36099625304122e-05
169.65 -45.45 1.33999631085616e-05
169.75 -45.45 1.30299641272058e-05
169.85 -45.45 1.2929964402515e-05
169.95 -45.45 1.2929964402515e-05
170.05 -45.45 1.25099655588138e-05
170.15 -45.45 1.21899664398034e-05
170.25 -45.45 1.19799670179528e-05
170.35 -45.45 1.1479968394499e-05
170.45 -45.45 1.06999705419111e-05
170.55 -45.45 1.00099724415449e-05
170.65 -45.45 9.34997425858587e-06
169.35 -45.35 1.75999515455734e-05
169.45 -45.35 1.69699532800216e-05
169.55 -45.35 1.62799551796554e-05
169.65 -45.35 1.56899568039799e-05
169.75 -45.35 1.52399580428715e-05
169.85 -45.35 1.51799582080571e-05
169.95 -45.35 1.51499582906498e-05
170.05 -45.35 1.42799606858402e-05
170.15 -45.35 1.32499635215254e-05
170.25 -45.35 1.27299649531335e-05
170.35 -45.35 1.21499665499271e-05
170.45 -45.35 1.12699689726484e-05
170.55 -45.35 1.05299710099368e-05
169.35 -45.25 2.11999416344407e-05
169.45 -45.25 2.04899435891363e-05
169.55 -45.25 1.95399462045741e-05
169.65 -45.25 1.8599948792481e-05
169.75 -45.25 1.78799507747075e-05
169.85 -45.25 1.75899515731043e-05
169.95 -45.25 1.74699519034754e-05
170.05 -45.25 1.65399544638514e-05
170.15 -45.25 1.49399588687992e-05
170.25 -45.25 1.36499624202885e-05
170.35 -45.25 1.26899650632572e-05
170.45 -45.25 1.18399674033857e-05
169.05 -45.15 2.96399183983407e-05
169.15 -45.15 2.70999253911954e-05
169.25 -45.15 2.52399305119473e-05
169.35 -45.15 2.40699337330654e-05
169.45 -45.15 2.3349935715292e-05
169.55 -45.15 2.25699378627041e-05
169.65 -45.15 2.18099399550543e-05
169.75 -45.15 2.09999421850592e-05
169.85 -45.15 2.02999441122239e-05
169.95 -45.15 1.98199454337082e-05
170.05 -45.15 1.88799480216151e-05
170.15 -45.15 1.69999531974289e-05
170.25 -45.15 1.50099586760828e-05
170.35 -45.15 1.3719962227572e-05
168.95 -45.05 3.79298955752045e-05
169.05 -45.05 3.51599032012705e-05
169.15 -45.05 3.15399131674651e-05
169.25 -45.05 2.86599210963712e-05
169.35 -45.05 2.67499263547778e-05
169.45 -45.05 2.55699296034268e-05
169.55 -45.05 2.48599315581224e-05
169.65 -45.05 2.44599326593594e-05
169.75 -45.05 2.39699340083747e-05
169.85 -45.05 2.31299363209723e-05
169.95 -45.05 2.20399393218431e-05
170.05 -45.05 2.06899430385178e-05
170.15 -45.05 1.86199487374191e-05
170.25 -45.05 1.65899543261967e-05
168.75 -44.95 5.34698527921483e-05
168.85 -44.95 4.868986595193e-05
168.95 -44.95 4.58198738533053e-05
169.05 -44.95 4.25898827457938e-05
169.15 -44.95 3.80598952173025e-05
169.25 -44.95 3.3779907000538e-05
169.35 -44.95 3.08499150670988e-05
169.45 -44.95 2.87399208761238e-05
169.55 -44.95 2.74899243174894e-05
169.65 -44.95 2.68999259418139e-05
169.75 -44.95 2.64699271256436e-05
169.85 -44.95 2.54899298236742e-05
169.95 -44.95 2.38699342836839e-05
168.85 -44.85 6.11698315933366e-05
168.95 -44.85 5.62498451385513e-05
169.05 -44.85 5.22098562610447e-05
169.15 -44.85 4.7229869971445e-05
169.25 -44.85 4.15798855264172e-05
169.35 -44.85 3.71898976124929e-05
169.45 -44.85 3.42899055964609e-05
169.55 -44.85 3.2449910662151e-05
169.65 -44.85 3.1139914268702e-05
169.75 -44.85 3.01299170493254e-05
168.95 -44.75 7.28797993546244e-05
169.05 -44.75 6.56398192870135e-05
169.15 -44.75 5.88198380631038e-05
169.25 -44.75 5.18698571970961e-05
169.35 -44.75 4.65998717058932e-05
169.45 -44.75 4.2879881947397e-05
169.55 -44.75 4.06098881969168e-05
169.65 -44.75 3.89398927945812e-05
169.05 -44.65 8.39197689604841e-05
169.15 -44.65 7.18198022729024e-05
169.25 -44.65 6.35698249859148e-05
169.35 -44.65 5.90298374849544e-05
169.45 -44.65 5.48698489378189e-05
169.55 -44.65 5.15998579404311e-05
169.15 -44.55 8.72997596550317e-05
169.35 -44.55 7.216980130932e-05
169.45 -44.55 6.68098160658954e-05
169.55 -44.55 6.24698280143165e-05
