170.25,-46.55,8.43e-05
170.35,-46.55,8.43e-05
170.45,-46.55,8.43e-05
170.05,-46.45,8.45e-05
170.15,-46.45,8.45e-05
170.25,-46.45,8.45e-05
170.35,-46.45,8.45e-05
170.45,-46.45,8.45e-05
170.55,-46.45,8.45e-05
169.85,-46.35,8.46e-05
169.95,-46.35,8.46e-05
170.05,-46.35,8.46e-05
170.15,-46.35,8.46e-05
170.25,-46.35,8.46e-05
170.35,-46.35,8.46e-05
170.45,-46.35,8.46e-05
170.55,-46.35,8.46e-05
170.65,-46.35,8.46e-05
169.85,-46.25,8.48e-05
169.95,-46.25,8.48e-05
170.05,-46.25,8.48e-05
170.15,-46.25,8.48e-05
170.25,-46.25,8.48e-05
170.35,-46.25,8.48e-05
170.45,-46.25,8.48e-05
170.55,-46.25,8.48e-05
170.65,-46.25,8.48e-05
170.75,-46.25,8.48e-05
169.95,-46.15,8.5e-05
170.05,-46.15,8.5e-05
170.15,-46.15,8.5e-05
170.25,-46.15,8.5e-05
170.35,-46.15,8.5e-05
170.45,-46.15,8.5e-05
170.55,-46.15,8.5e-05
170.65,-46.15,8.5e-05
170.75,-46.15,8.5e-05
170.85,-46.15,8.5e-05
169.85,-46.05,8.51e-05
169.95,-46.05,8.51e-05
170.05,-46.05,8.51e-05
170.15,-46.05,8.51e-05
170.25,-46.05,8.51e-05
170.35,-46.05,8.51e-05
170.45,-46.05,8.51e-05
170.55,-46.05,8.51e-05
170.65,-46.05,8.51e-05
170.75,-46.05,8.51e-05
169.85,-45.95,8.53e-05
169.95,-45.95,8.53e-05
170.05,-45.95,8.53e-05
170.15,-45.95,8.53e-05
170.25,-45.95,8.53e-05
170.35,-45.95,8.53e-05
170.45,-45.95,8.53e-05
170.55,-45.95,8.53e-05
170.65,-45.95,8.53e-05
169.65,-45.85,8.54e-05
169.75,-45.85,8.54e-05
169.85,-45.85,8.54e-05
169.95,-45.85,8.54e-05
170.05,-45.85,8.54e-05
170.15,-45.85,8.54e-05
170.25,-45.85,8.54e-05
170.35,-45.85,8.54e-05
170.45,-45.85,8.54e-05
170.55,-45.85,8.54e-05
170.65,-45.85,8.54e-05
169.55,-45.75,8.56e-05
169.65,-45.75,8.56e-05
169.75,-45.75,8.56e-05
169.85,-45.75,8.56e-05
169.95,-45.75,8.56e-05
170.05,-45.75,8.56e-05
170.15,-45.75,8.56e-05
170.25,-45.75,8.56e-05
170.35,-45.75,8.56e-05
170.45,-45.75,8.56e-05
170.55,-45.75,8.56e-05
170.65,-45.75,8.56e-05
169.45,-45.65,8.57e-05
169.55,-45.65,8.57e-05
169.65,-45.65,8.57e-05
169.75,-45.65,8.57e-05
169.85,-45.65,8.57e-05
169.95,-45.65,8.57e-05
170.05,-45.65,8.57e-05
170.15,-45.65,8.57e-05
170.25,-45.65,8.57e-05
170.35,-45.65,8.57e-05
170.45,-45.65,8.57e-05
170.55,-45.65,8.57e-05
170.65,-45.65,8.57e-05
169.35,-45.55,8.59e-05
169.45,-45.55,8.59e-05
169.55,-45.55,8.59e-05
169.65,-45.55,8.59e-05
169.75,-45.55,8.59e-05
169.85,-45.55,8.59e-05
169.95,-45.55,8.59e-05
170.05,-45.55,8.59e-05
170.15,-45.55,8.59e-05
170.25,-45.55,8.59e-05
170.35,-45.55,8.59e-05
170.45,-45.55,8.59e-05
170.55,-45.55,8.59e-05
170.65,-45.55,8.59e-05
169.35,-45.45,8.6e-05
169.45,-45.45,8.6e-05
169.55,-45.45,8.6e-05
169.65,-45.45,8.6e-05
169.75,-45.45,8.6e-05
169.85,-45.45,8.6e-05
169.95,-45.45,8.6e-05
170.05,-45.45,8.6e-05
170.15,-45.45,8.6e-05
170.25,-45.45,8.6e-05
170.35,-45.45,8.6e-05
170.45,-45.45,8.6e-05
170.55,-45.45,8.6e-05
170.65,-45.45,8.6e-05
169.35,-45.35,8.62e-05
169.45,-45.35,8.62e-05
169.55,-45.35,8.62e-05
169.65,-45.35,8.62e-05
169.75,-45.35,8.62e-05
169.85,-45.35,8.62e-05
169.95,-45.35,8.62e-05
170.05,-45.35,8.62e-05
170.15,-45.35,8.62e-05
170.25,-45.35,8.62e-05
170.35,-45.35,8.62e-05
170.45,-45.35,8.62e-05
170.55,-45.35,8.62e-05
169.35,-45.25,8.63e-05
169.45,-45.25,8.63e-05
169.55,-45.25,8.63e-05
169.65,-45.25,8.63e-05
169.75,-45.25,8.63e-05
169.85,-45.25,8.63e-05
169.95,-45.25,8.63e-05
170.05,-45.25,8.63e-05
170.15,-45.25,8.63e-05
170.25,-45.25,8.63e-05
170.35,-45.25,8.63e-05
170.45,-45.25,8.63e-05
169.05,-45.15,8.65e-05
169.15,-45.15,8.65e-05
169.25,-45.15,8.65e-05
169.35,-45.15,8.65e-05
169.45,-45.15,8.65e-05
169.55,-45.15,8.65e-05
169.65,-45.15,8.65e-05
169.75,-45.15,8.65e-05
169.85,-45.15,8.65e-05
169.95,-45.15,8.65e-05
170.05,-45.15,8.65e-05
170.15,-45.15,8.65e-05
170.25,-45.15,8.65e-05
170.35,-45.15,8.65e-05
168.95,-45.05,8.66e-05
169.05,-45.05,8.66e-05
169.15,-45.05,8.66e-05
169.25,-45.05,8.66e-05
169.35,-45.05,8.66e-05
169.45,-45.05,8.66e-05
169.55,-45.05,8.66e-05
169.65,-45.05,8.66e-05
169.75,-45.05,8.66e-05
169.85,-45.05,8.66e-05
169.95,-45.05,8.66e-05
170.05,-45.05,8.66e-05
170.15,-45.05,8.66e-05
170.25,-45.05,8.66e-05
168.75,-44.95,8.68e-05
168.85,-44.95,8.68e-05
168.95,-44.95,8.68e-05
169.05,-44.95,8.68e-05
169.15,-44.95,8.68e-05
169.25,-44.95,8.68e-05
169.35,-44.95,8.68e-05
169.45,-44.95,8.68e-05
169.55,-44.95,8.68e-05
169.65,-44.95,8.68e-05
169.75,-44.95,8.68e-05
169.85,-44.95,8.68e-05
169.95,-44.95,8.68e-05
168.85,-44.85,8.69e-05
168.95,-44.85,8.69e-05
169.05,-44.85,8.69e-05
169.15,-44.85,8.69e-05
169.25,-44.85,8.69e-05
169.35,-44.85,8.69e-05
169.45,-44.85,8.69e-05
169.55,-44.85,8.69e-05
169.65,-44.85,8.69e-05
169.75,-44.85,8.69e-05
168.95,-44.75,8.71e-05
169.05,-44.75,8.71e-05
169.15,-44.75,8.71e-05
169.25,-44.75,8.71e-05
169.35,-44.75,8.71e-05
169.45,-44.75,8.71e-05
169.55,-44.75,8.71e-05
169.65,-44.75,8.71e-05
169.05,-44.65,8.72e-05
169.15,-44.65,8.72e-05
169.25,-44.65,8.72e-05
169.35,-44.65,8.72e-05
169.45,-44.65,8.72e-05
169.55,-44.65,8.72e-05
169.15,-44.55,8.71e-05
169.35,-44.55,8.74e-05
169.45,-44.55,8.74e-05
169.55,-44.55,8.74e-05
